date,open,high,low,close,volume,amount
2020-06-24T09:15:00+0530,3125.0,3125.0,3079.0,3081.0,339005.0
2020-06-24T09:16:00+0530,3076.0,3091.0,3074.0,3090.0,227373.0
2020-06-24T09:17:00+0530,3090.35,3102.6,3087.85,3087.85,179749.0
2020-06-24T09:18:00+0530,3087.05,3091.3,3080.0,3082.85,128278.0
2020-06-24T09:19:00+0530,3083.5,3086.65,3075.15,3076.3,144003.0
2020-06-24T09:20:00+0530,3071.65,3072.4,3052.0,3057.05,180058.0
2020-06-24T09:21:00+0530,3055.15,3071.7,3050.5,3070.55,129295.0
2020-06-24T09:22:00+0530,3072.25,3081.75,3070.0,3077.2,116989.0
2020-06-24T09:23:00+0530,3077.0,3085.45,3076.15,3083.65,118188.0
2020-06-24T09:24:00+0530,3082.45,3084.0,3072.25,3079.2,84875.0
2020-06-24T09:25:00+0530,3078.2,3088.75,3077.0,3086.8,70253.0
2020-06-24T09:26:00+0530,3087.0,3095.0,3085.65,3092.0,109886.0
2020-06-24T09:27:00+0530,3093.0,3093.45,3082.7,3082.7,75777.0
2020-06-24T09:28:00+0530,3084.7,3088.4,3081.6,3087.05,46403.0
2020-06-24T09:29:00+0530,3086.0,3087.3,3082.0,3083.2,50176.0
2020-06-24T09:30:00+0530,3082.0,3083.0,3070.65,3077.05,85675.0
2020-06-24T09:31:00+0530,3074.65,3078.0,3070.0,3070.65,56989.0
2020-06-24T09:32:00+0530,3070.9,3074.6,3065.0,3067.0,84406.0
2020-06-24T09:33:00+0530,3066.5,3076.0,3062.65,3072.3,74223.0
2020-06-24T09:34:00+0530,3072.3,3075.0,3066.35,3073.8,52671.0
2020-06-24T09:35:00+0530,3072.9,3077.55,3069.15,3076.1,36020.0
2020-06-24T09:36:00+0530,3077.2,3088.0,3077.2,3087.0,78721.0
2020-06-24T09:37:00+0530,3085.85,3092.95,3082.4,3084.05,85371.0
2020-06-24T09:38:00+0530,3084.7,3086.0,3077.35,3083.7,41180.0
2020-06-24T09:39:00+0530,3083.75,3087.0,3081.65,3083.3,28513.0
2020-06-24T09:40:00+0530,3083.3,3083.3,3073.0,3078.55,52118.0
2020-06-24T09:41:00+0530,3079.8,3087.0,3078.45,3085.0,40430.0
2020-06-24T09:42:00+0530,3084.85,3086.15,3078.1,3079.9,23060.0
2020-06-24T09:43:00+0530,3078.85,3082.5,3078.25,3079.0,23900.0
2020-06-24T09:44:00+0530,3079.0,3080.1,3075.6,3078.55,24722.0
2020-06-24T09:45:00+0530,3080.0,3081.0,3072.65,3079.9,28104.0
2020-06-24T09:46:00+0530,3079.8,3080.0,3075.1,3076.0,31527.0
2020-06-24T09:47:00+0530,3076.75,3078.55,3073.6,3076.0,28065.0
2020-06-24T09:48:00+0530,3076.95,3077.6,3071.0,3072.0,39085.0
2020-06-24T09:49:00+0530,3071.85,3075.0,3070.0,3073.25,52755.0
2020-06-24T09:50:00+0530,3073.0,3079.0,3071.65,3077.4,23852.0
2020-06-24T09:51:00+0530,3078.8,3080.0,3075.0,3075.45,24251.0
2020-06-24T09:52:00+0530,3075.7,3080.0,3075.7,3077.0,13396.0
2020-06-24T09:53:00+0530,3076.0,3077.65,3073.05,3073.3,20701.0
2020-06-24T09:54:00+0530,3073.3,3077.0,3073.0,3073.5,21201.0
2020-06-24T09:55:00+0530,3073.5,3074.85,3070.0,3073.0,57487.0
2020-06-24T09:56:00+0530,3073.3,3077.35,3072.35,3074.0,15656.0
2020-06-24T09:57:00+0530,3074.45,3074.9,3068.6,3070.3,43501.0
2020-06-24T09:58:00+0530,3071.55,3074.35,3066.1,3073.75,37698.0
2020-06-24T09:59:00+0530,3073.0,3077.0,3069.05,3071.0,43343.0
2020-06-24T10:00:00+0530,3072.05,3072.05,3063.45,3064.95,51935.0
2020-06-24T10:01:00+0530,3062.85,3069.9,3062.65,3068.0,30991.0
2020-06-24T10:02:00+0530,3068.0,3073.65,3067.3,3072.0,29095.0
2020-06-24T10:03:00+0530,3071.95,3085.0,3069.05,3084.0,94262.0
2020-06-24T10:04:00+0530,3082.0,3084.45,3076.55,3078.95,48944.0
2020-06-24T10:05:00+0530,3078.95,3082.0,3075.75,3077.55,27993.0
2020-06-24T10:06:00+0530,3078.35,3080.95,3073.45,3076.8,21585.0
2020-06-24T10:07:00+0530,3075.6,3077.75,3073.7,3076.2,16507.0
2020-06-24T10:08:00+0530,3076.35,3079.35,3074.25,3075.45,11976.0
2020-06-24T10:09:00+0530,3074.55,3076.85,3072.15,3074.4,19759.0
2020-06-24T10:10:00+0530,3075.0,3075.0,3068.85,3069.85,46868.0
2020-06-24T10:11:00+0530,3068.85,3075.0,3068.85,3073.65,15410.0
2020-06-24T10:12:00+0530,3073.65,3078.0,3073.0,3075.8,22138.0
2020-06-24T10:13:00+0530,3075.65,3077.0,3071.5,3074.2,16775.0
2020-06-24T10:14:00+0530,3075.0,3077.5,3073.6,3076.25,13286.0
2020-06-24T10:15:00+0530,3076.25,3080.0,3075.0,3079.0,26660.0
2020-06-24T10:16:00+0530,3079.0,3084.0,3078.2,3079.9,37924.0
2020-06-24T10:17:00+0530,3079.9,3079.9,3075.55,3077.65,18535.0
2020-06-24T10:18:00+0530,3077.8,3077.8,3072.65,3072.9,27776.0
2020-06-24T10:19:00+0530,3074.25,3075.0,3071.85,3071.85,15088.0
2020-06-24T10:20:00+0530,3071.5,3073.45,3070.0,3070.55,31147.0
2020-06-24T10:21:00+0530,3070.0,3071.5,3068.0,3070.3,63590.0
2020-06-24T10:22:00+0530,3070.4,3074.0,3068.1,3073.45,20829.0
2020-06-24T10:23:00+0530,3073.2,3077.0,3070.65,3077.0,19831.0
2020-06-24T10:24:00+0530,3076.9,3077.6,3073.0,3073.2,9421.0
2020-06-24T10:25:00+0530,3073.7,3075.0,3070.85,3072.0,11064.0
2020-06-24T10:26:00+0530,3070.5,3073.55,3069.0,3070.0,19336.0
2020-06-24T10:27:00+0530,3069.0,3073.85,3068.15,3072.85,18789.0
2020-06-24T10:28:00+0530,3072.85,3073.85,3068.0,3068.0,15825.0
2020-06-24T10:29:00+0530,3068.95,3072.5,3068.0,3072.0,8164.0
2020-06-24T10:30:00+0530,3071.55,3071.95,3067.0,3067.0,22510.0
2020-06-24T10:31:00+0530,3067.0,3070.9,3065.6,3070.05,27843.0
2020-06-24T10:32:00+0530,3071.0,3073.45,3070.05,3071.0,13195.0
2020-06-24T10:33:00+0530,3070.9,3070.9,3065.1,3066.95,27651.0
2020-06-24T10:34:00+0530,3065.05,3067.95,3058.45,3058.45,86831.0
2020-06-24T10:35:00+0530,3058.15,3064.15,3058.0,3063.1,49639.0
2020-06-24T10:36:00+0530,3063.15,3063.8,3055.0,3055.65,52967.0
2020-06-24T10:37:00+0530,3054.35,3057.85,3050.0,3054.5,96528.0
2020-06-24T10:38:00+0530,3053.1,3059.45,3050.6,3056.6,57651.0
2020-06-24T10:39:00+0530,3055.5,3055.5,3050.0,3050.0,95907.0
2020-06-24T10:40:00+0530,3050.7,3050.75,3042.55,3046.9,154954.0
2020-06-24T10:41:00+0530,3046.9,3047.0,3035.3,3043.4,98399.0
2020-06-24T10:42:00+0530,3040.6,3043.0,3033.0,3043.0,94314.0
2020-06-24T10:43:00+0530,3043.0,3053.0,3042.2,3052.65,74638.0
2020-06-24T10:44:00+0530,3053.0,3053.0,3046.0,3048.0,69236.0
2020-06-24T10:45:00+0530,3047.2,3047.2,3037.2,3038.55,76083.0
2020-06-24T10:46:00+0530,3039.5,3039.8,3032.0,3034.65,71108.0
2020-06-24T10:47:00+0530,3035.3,3040.0,3034.15,3037.15,49369.0
2020-06-24T10:48:00+0530,3037.2,3038.35,3025.5,3029.7,95153.0
2020-06-24T10:49:00+0530,3028.2,3030.0,3021.35,3028.65,104561.0
2020-06-24T10:50:00+0530,3027.6,3041.8,3026.0,3038.7,104418.0
2020-06-24T10:51:00+0530,3037.7,3039.5,3030.65,3033.35,42289.0
2020-06-24T10:52:00+0530,3034.15,3037.0,3028.0,3028.95,31046.0
2020-06-24T10:53:00+0530,3027.5,3027.5,3019.15,3020.05,104218.0
2020-06-24T10:54:00+0530,3021.25,3021.9,3003.8,3011.85,175217.0
2020-06-24T10:55:00+0530,3011.85,3018.0,3010.65,3015.3,81383.0
2020-06-24T10:56:00+0530,3015.6,3021.9,3014.15,3015.0,55261.0
2020-06-24T10:57:00+0530,3014.0,3014.95,3005.0,3005.3,71297.0
2020-06-24T10:58:00+0530,3005.05,3006.4,2997.0,2998.4,165429.0
2020-06-24T10:59:00+0530,2998.15,3006.0,2992.95,3001.15,143410.0
2020-06-24T11:00:00+0530,3002.0,3003.3,2996.1,2999.15,76275.0
2020-06-24T11:01:00+0530,2998.75,3012.85,2997.55,3011.0,95496.0
2020-06-24T11:02:00+0530,3013.1,3028.45,3011.1,3027.85,117744.0
2020-06-24T11:03:00+0530,3028.9,3040.0,3026.75,3035.0,166817.0
2020-06-24T11:04:00+0530,3034.0,3034.5,3021.15,3021.35,96535.0
2020-06-24T11:05:00+0530,3021.55,3021.55,3010.55,3015.9,87832.0
2020-06-24T11:06:00+0530,3015.9,3018.1,3003.35,3007.0,68617.0
2020-06-24T11:07:00+0530,3007.0,3017.4,3006.9,3016.05,65360.0
2020-06-24T11:08:00+0530,3014.7,3021.15,3014.0,3018.75,70907.0
2020-06-24T11:09:00+0530,3019.7,3026.7,3006.05,3006.25,103477.0
2020-06-24T11:10:00+0530,3006.65,3011.55,2999.0,2999.95,192451.0
2020-06-24T11:11:00+0530,2999.5,3000.05,2987.0,2987.85,166332.0
2020-06-24T11:12:00+0530,2987.3,2995.55,2980.05,2993.35,170061.0
2020-06-24T11:13:00+0530,2992.15,2997.35,2987.25,2987.25,97395.0
2020-06-24T11:14:00+0530,2987.85,2989.0,2981.35,2981.35,100277.0
2020-06-24T11:15:00+0530,2983.15,2993.0,2976.5,2993.0,92033.0
2020-06-24T11:16:00+0530,2991.55,2999.5,2990.35,2995.25,66499.0
2020-06-24T11:17:00+0530,2996.75,2996.9,2987.6,2993.85,49496.0
2020-06-24T11:18:00+0530,2995.0,2999.0,2993.75,2996.1,35078.0
2020-06-24T11:19:00+0530,2996.65,3003.0,2993.2,2999.3,55627.0
2020-06-24T11:20:00+0530,2999.9,3001.95,2996.4,3001.95,32857.0
2020-06-24T11:21:00+0530,3001.9,3004.6,2998.1,3000.0,54051.0
2020-06-24T11:22:00+0530,2999.7,3000.0,2995.2,2996.0,31624.0
2020-06-24T11:23:00+0530,2996.7,2996.7,2992.15,2993.6,20361.0
2020-06-24T11:24:00+0530,2993.7,3001.65,2993.6,2997.2,26842.0
2020-06-24T11:25:00+0530,2997.8,2997.9,2990.0,2992.0,37012.0
2020-06-24T11:26:00+0530,2992.5,2997.75,2991.7,2997.7,17945.0
2020-06-24T11:27:00+0530,2996.0,2998.5,2994.6,2997.05,12270.0
2020-06-24T11:28:00+0530,2997.3,3002.0,2997.05,2997.85,33599.0
2020-06-24T11:29:00+0530,2998.05,2999.65,2993.0,2996.4,13264.0
2020-06-24T11:30:00+0530,2995.15,2997.3,2992.0,2995.65,13743.0
2020-06-24T11:31:00+0530,2995.1,2998.0,2994.3,2997.0,13823.0
2020-06-24T11:32:00+0530,2997.85,2998.35,2992.6,2992.6,18048.0
2020-06-24T11:33:00+0530,2992.6,2993.85,2985.3,2989.1,56164.0
2020-06-24T11:34:00+0530,2988.0,2992.0,2986.65,2990.15,38855.0
2020-06-24T11:35:00+0530,2989.35,2990.85,2982.3,2982.3,40855.0
2020-06-24T11:36:00+0530,2982.0,2986.0,2982.0,2982.1,30367.0
2020-06-24T11:37:00+0530,2983.0,2983.6,2976.0,2981.0,65358.0
2020-06-24T11:38:00+0530,2981.55,2990.4,2980.2,2990.4,37750.0
2020-06-24T11:39:00+0530,2990.0,2993.85,2985.0,2985.0,27534.0
2020-06-24T11:40:00+0530,2985.0,2985.0,2976.05,2978.75,82441.0
2020-06-24T11:41:00+0530,2978.95,2980.8,2977.0,2977.0,26685.0
2020-06-24T11:42:00+0530,2978.0,2981.0,2977.0,2981.0,43778.0
2020-06-24T11:43:00+0530,2982.0,2985.95,2971.85,2972.85,58071.0
2020-06-24T11:44:00+0530,2973.95,2978.5,2972.05,2976.15,32691.0
2020-06-24T11:45:00+0530,2975.0,2980.0,2973.0,2978.0,40061.0
2020-06-24T11:46:00+0530,2979.2,2980.0,2978.2,2980.0,54702.0
2020-06-24T11:47:00+0530,2979.55,2984.8,2979.55,2982.25,36369.0
2020-06-24T11:48:00+0530,2983.0,2991.0,2982.25,2988.0,53764.0
2020-06-24T11:49:00+0530,2988.0,2989.0,2982.5,2984.0,24736.0
2020-06-24T11:50:00+0530,2984.0,2984.1,2981.2,2982.8,35670.0
2020-06-24T11:51:00+0530,2982.85,2989.75,2982.4,2987.5,35570.0
2020-06-24T11:52:00+0530,2988.3,2989.0,2982.0,2985.7,25400.0
2020-06-24T11:53:00+0530,2984.8,2986.0,2980.8,2980.8,18439.0
2020-06-24T11:54:00+0530,2981.1,2982.3,2977.0,2977.6,22260.0
2020-06-24T11:55:00+0530,2977.7,2979.4,2974.0,2976.05,31039.0
2020-06-24T11:56:00+0530,2976.55,2980.0,2975.0,2978.2,22984.0
2020-06-24T11:57:00+0530,2977.45,2983.9,2977.0,2983.0,14515.0
2020-06-24T11:58:00+0530,2982.4,2987.95,2981.55,2987.95,26808.0
2020-06-24T11:59:00+0530,2988.0,2991.55,2985.0,2986.0,32954.0
2020-06-24T12:00:00+0530,2984.95,2986.7,2984.65,2985.0,15868.0
2020-06-24T12:01:00+0530,2985.5,2997.85,2985.0,2996.0,44958.0
2020-06-24T12:02:00+0530,2995.0,2995.8,2988.0,2989.05,23214.0
2020-06-24T12:03:00+0530,2989.0,2994.7,2988.0,2994.3,18992.0
2020-06-24T12:04:00+0530,2994.2,2995.0,2990.0,2990.95,19062.0
2020-06-24T12:05:00+0530,2990.95,2995.7,2990.4,2995.65,15516.0
2020-06-24T12:06:00+0530,2996.0,3005.95,2995.95,3000.05,89918.0
2020-06-24T12:07:00+0530,2999.35,3001.95,2997.1,3001.0,27478.0
2020-06-24T12:08:00+0530,3002.7,3012.35,3001.8,3011.8,62287.0
2020-06-24T12:09:00+0530,3011.2,3016.0,3008.0,3012.55,72653.0
2020-06-24T12:10:00+0530,3012.85,3017.15,3006.0,3006.1,59895.0
2020-06-24T12:11:00+0530,3007.5,3018.0,3006.35,3017.2,42488.0
2020-06-24T12:12:00+0530,3018.55,3025.0,3018.05,3019.2,102569.0
2020-06-24T12:13:00+0530,3020.0,3020.0,3012.3,3013.75,39429.0
2020-06-24T12:14:00+0530,3014.2,3015.35,3010.0,3011.0,41905.0
2020-06-24T12:15:00+0530,3011.0,3015.0,3010.9,3014.9,25450.0
2020-06-24T12:16:00+0530,3016.0,3020.8,3015.2,3020.0,31783.0
2020-06-24T12:17:00+0530,3019.2,3036.7,3019.2,3033.7,129680.0
2020-06-24T12:18:00+0530,3034.15,3034.9,3029.3,3030.05,52713.0
2020-06-24T12:19:00+0530,3030.0,3052.7,3030.0,3050.05,158980.0
2020-06-24T12:20:00+0530,3051.95,3055.8,3045.0,3045.0,117045.0
2020-06-24T12:21:00+0530,3045.6,3052.0,3045.0,3051.25,59339.0
2020-06-24T12:22:00+0530,3050.45,3060.0,3050.3,3058.95,105684.0
2020-06-24T12:23:00+0530,3059.2,3061.7,3048.05,3048.05,113358.0
2020-06-24T12:24:00+0530,3049.0,3058.0,3048.0,3057.0,53242.0
2020-06-24T12:25:00+0530,3058.0,3060.0,3050.0,3050.0,72445.0
2020-06-24T12:26:00+0530,3050.9,3051.5,3041.2,3041.2,65943.0
2020-06-24T12:27:00+0530,3040.3,3047.9,3037.8,3045.0,58168.0
2020-06-24T12:28:00+0530,3044.15,3051.0,3044.15,3050.0,38677.0
2020-06-24T12:29:00+0530,3050.0,3050.0,3046.0,3048.0,21137.0
2020-06-24T12:30:00+0530,3048.0,3049.0,3036.15,3037.5,47549.0
2020-06-24T12:31:00+0530,3037.15,3039.45,3033.0,3038.65,59729.0
2020-06-24T12:32:00+0530,3038.6,3043.65,3035.4,3043.65,35519.0
2020-06-24T12:33:00+0530,3043.85,3045.45,3039.1,3040.75,20702.0
2020-06-24T12:34:00+0530,3039.15,3040.15,3031.3,3032.1,29609.0
2020-06-24T12:35:00+0530,3030.95,3038.5,3027.3,3035.2,66034.0
2020-06-24T12:36:00+0530,3036.8,3039.65,3034.95,3037.0,20825.0
2020-06-24T12:37:00+0530,3037.0,3044.0,3036.0,3043.55,26527.0
2020-06-24T12:38:00+0530,3042.05,3045.0,3040.0,3042.6,21368.0
2020-06-24T12:39:00+0530,3042.5,3043.0,3037.85,3040.45,20430.0
2020-06-24T12:40:00+0530,3041.0,3046.5,3040.45,3042.3,27252.0
2020-06-24T12:41:00+0530,3042.3,3042.8,3037.05,3041.3,25862.0
2020-06-24T12:42:00+0530,3041.6,3043.6,3039.65,3041.0,18639.0
2020-06-24T12:43:00+0530,3041.0,3041.0,3039.05,3039.45,10498.0
2020-06-24T12:44:00+0530,3040.0,3040.75,3032.25,3032.25,25829.0
2020-06-24T12:45:00+0530,3033.45,3039.65,3030.65,3038.0,26592.0
2020-06-24T12:46:00+0530,3037.4,3044.7,3037.1,3043.75,22473.0
2020-06-24T12:47:00+0530,3044.1,3045.0,3037.35,3042.95,16949.0
2020-06-24T12:48:00+0530,3043.0,3044.0,3040.0,3042.0,18379.0
2020-06-24T12:49:00+0530,3042.15,3049.65,3042.0,3043.25,32369.0
2020-06-24T12:50:00+0530,3044.15,3048.8,3042.3,3046.85,13563.0
2020-06-24T12:51:00+0530,3047.0,3048.0,3043.25,3047.0,21331.0
2020-06-24T12:52:00+0530,3046.9,3054.3,3046.0,3052.0,56290.0
2020-06-24T12:53:00+0530,3053.55,3053.55,3045.0,3045.5,18016.0
2020-06-24T12:54:00+0530,3045.4,3047.0,3041.1,3046.15,23051.0
2020-06-24T12:55:00+0530,3047.0,3047.85,3044.35,3045.65,9219.0
2020-06-24T12:56:00+0530,3045.7,3047.0,3042.15,3043.0,10734.0
2020-06-24T12:57:00+0530,3042.9,3044.0,3040.45,3041.0,16361.0
2020-06-24T12:58:00+0530,3042.0,3043.4,3038.1,3039.1,25341.0
2020-06-24T12:59:00+0530,3039.15,3040.45,3037.0,3037.35,23363.0
2020-06-24T13:00:00+0530,3037.0,3039.0,3030.1,3030.2,42287.0
2020-06-24T13:01:00+0530,3030.0,3035.0,3030.0,3031.0,32293.0
2020-06-24T13:02:00+0530,3031.0,3031.0,3013.9,3023.4,116943.0
2020-06-24T13:03:00+0530,3022.25,3024.85,3005.55,3007.15,74155.0
2020-06-24T13:04:00+0530,3007.35,3019.9,3006.3,3015.0,47766.0
2020-06-24T13:05:00+0530,3016.6,3027.3,3016.3,3025.0,41122.0
2020-06-24T13:06:00+0530,3025.0,3032.0,3024.3,3029.1,35976.0
2020-06-24T13:07:00+0530,3029.9,3031.15,3025.0,3025.25,28030.0
2020-06-24T13:08:00+0530,3027.6,3028.0,3020.0,3020.65,22217.0
2020-06-24T13:09:00+0530,3020.7,3022.1,3002.8,3004.9,70191.0
2020-06-24T13:10:00+0530,3003.3,3009.45,2995.8,2998.3,128549.0
2020-06-24T13:11:00+0530,2999.25,2999.75,2990.0,2997.9,73970.0
2020-06-24T13:12:00+0530,2997.9,3004.3,2995.25,3002.3,67402.0
2020-06-24T13:13:00+0530,3000.7,3002.95,2995.0,2995.2,58692.0
2020-06-24T13:14:00+0530,2993.0,2999.0,2992.05,2997.0,44147.0
2020-06-24T13:15:00+0530,2997.1,2997.9,2990.5,2993.1,46385.0
2020-06-24T13:16:00+0530,2994.25,3000.0,2991.6,2995.05,51014.0
2020-06-24T13:17:00+0530,2995.6,3015.0,2993.05,3015.0,73102.0
2020-06-24T13:18:00+0530,3014.25,3015.7,3007.0,3011.9,44934.0
2020-06-24T13:19:00+0530,3011.95,3011.95,3005.1,3010.05,34405.0
2020-06-24T13:20:00+0530,3011.0,3011.0,2998.0,3003.35,34092.0
2020-06-24T13:21:00+0530,3003.75,3006.3,3000.15,3003.95,19469.0
2020-06-24T13:22:00+0530,3002.95,3010.65,3002.95,3009.05,17518.0
2020-06-24T13:23:00+0530,3010.0,3014.1,3006.0,3013.0,33521.0
2020-06-24T13:24:00+0530,3011.8,3019.7,3011.5,3017.15,35312.0
2020-06-24T13:25:00+0530,3016.2,3018.85,3008.8,3011.0,27839.0
2020-06-24T13:26:00+0530,3011.1,3012.55,3004.0,3006.7,25144.0
2020-06-24T13:27:00+0530,3006.3,3012.0,3005.0,3008.7,13272.0
2020-06-24T13:28:00+0530,3008.0,3008.6,3003.35,3004.0,16667.0
2020-06-24T13:29:00+0530,3004.5,3004.5,3000.05,3000.05,18147.0
2020-06-24T13:30:00+0530,3000.7,3009.4,3000.0,3008.35,41402.0
2020-06-24T13:31:00+0530,3008.0,3009.4,3002.15,3005.95,14211.0
2020-06-24T13:32:00+0530,3005.35,3005.55,3000.0,3000.3,26473.0
2020-06-24T13:33:00+0530,3000.0,3005.55,3000.0,3005.0,26656.0
2020-06-24T13:34:00+0530,3004.5,3007.0,3003.8,3005.9,16764.0
2020-06-24T13:35:00+0530,3005.35,3005.9,3000.0,3000.0,23521.0
2020-06-24T13:36:00+0530,3000.0,3000.05,2994.0,2995.0,40809.0
2020-06-24T13:37:00+0530,2995.6,2997.0,2993.0,2995.0,31036.0
2020-06-24T13:38:00+0530,2995.45,2995.75,2985.0,2987.55,69638.0
2020-06-24T13:39:00+0530,2988.0,2991.9,2981.0,2984.25,50719.0
2020-06-24T13:40:00+0530,2984.2,2985.95,2982.05,2983.9,51539.0
2020-06-24T13:41:00+0530,2983.35,2992.15,2981.3,2988.05,52258.0
2020-06-24T13:42:00+0530,2988.2,2998.0,2987.8,2998.0,43779.0
2020-06-24T13:43:00+0530,2998.0,3004.4,2994.2,3001.85,52584.0
2020-06-24T13:44:00+0530,3002.6,3002.95,2990.0,2990.0,30688.0
2020-06-24T13:45:00+0530,2990.0,2990.8,2983.6,2984.65,34438.0
2020-06-24T13:46:00+0530,2986.9,2989.95,2983.6,2989.9,32690.0
2020-06-24T13:47:00+0530,2989.9,2991.65,2985.55,2987.25,35051.0
2020-06-24T13:48:00+0530,2988.4,2991.4,2985.55,2989.5,40561.0
2020-06-24T13:49:00+0530,2989.5,2990.05,2986.0,2986.85,28210.0
2020-06-24T13:50:00+0530,2985.85,2987.0,2982.0,2983.5,38908.0
2020-06-24T13:51:00+0530,2984.0,2990.0,2982.65,2989.75,31762.0
2020-06-24T13:52:00+0530,2989.75,2990.0,2988.0,2989.95,45324.0
2020-06-24T13:53:00+0530,2989.95,2990.0,2983.5,2985.85,32851.0
2020-06-24T13:54:00+0530,2984.9,2988.0,2984.0,2988.0,28897.0
2020-06-24T13:55:00+0530,2988.0,2988.35,2983.3,2985.05,18295.0
2020-06-24T13:56:00+0530,2984.95,2986.35,2976.3,2977.05,65374.0
2020-06-24T13:57:00+0530,2976.55,2979.2,2971.35,2976.15,73407.0
2020-06-24T13:58:00+0530,2976.0,2981.65,2975.05,2975.1,37466.0
2020-06-24T13:59:00+0530,2975.0,2977.9,2966.3,2971.0,82714.0
2020-06-24T14:00:00+0530,2971.8,2972.5,2960.0,2961.8,126075.0
2020-06-24T14:01:00+0530,2961.0,2965.0,2960.4,2964.75,44325.0
2020-06-24T14:02:00+0530,2964.85,2964.95,2951.3,2951.3,111042.0
2020-06-24T14:03:00+0530,2951.15,2964.0,2951.15,2962.8,81703.0
2020-06-24T14:04:00+0530,2964.0,2971.75,2960.0,2968.75,74529.0
2020-06-24T14:05:00+0530,2969.9,2985.85,2968.05,2982.6,89959.0
2020-06-24T14:06:00+0530,2985.85,3000.0,2982.05,2991.35,148071.0
2020-06-24T14:07:00+0530,2993.35,2993.4,2987.15,2988.0,67443.0
2020-06-24T14:08:00+0530,2987.7,2989.65,2977.35,2984.3,62186.0
2020-06-24T14:09:00+0530,2984.05,2984.4,2974.1,2982.0,41245.0
2020-06-24T14:10:00+0530,2982.65,2984.35,2980.3,2984.0,32050.0
2020-06-24T14:11:00+0530,2984.1,2984.85,2976.0,2977.0,26094.0
2020-06-24T14:12:00+0530,2978.0,2978.0,2968.2,2973.2,46645.0
2020-06-24T14:13:00+0530,2974.75,2976.55,2967.65,2973.75,35426.0
2020-06-24T14:14:00+0530,2973.05,2976.0,2970.0,2973.0,33396.0
2020-06-24T14:15:00+0530,2970.6,2973.7,2968.0,2968.25,23529.0
2020-06-24T14:16:00+0530,2969.0,2977.0,2968.0,2976.85,29482.0
2020-06-24T14:17:00+0530,2976.15,2982.75,2975.0,2976.35,36121.0
2020-06-24T14:18:00+0530,2975.85,2978.95,2971.45,2975.45,24708.0
2020-06-24T14:19:00+0530,2974.45,2980.25,2974.45,2977.1,11951.0
2020-06-24T14:20:00+0530,2976.4,2986.65,2976.4,2986.0,33224.0
2020-06-24T14:21:00+0530,2986.65,2992.0,2984.55,2988.0,44021.0
2020-06-24T14:22:00+0530,2989.0,2989.75,2982.6,2986.6,28624.0
2020-06-24T14:23:00+0530,2987.35,2987.35,2983.0,2984.25,31754.0
2020-06-24T14:24:00+0530,2983.95,2986.2,2982.5,2984.0,27986.0
2020-06-24T14:25:00+0530,2984.95,2991.0,2984.0,2987.3,41819.0
2020-06-24T14:26:00+0530,2988.85,2993.7,2985.0,2987.0,32440.0
2020-06-24T14:27:00+0530,2987.0,2987.95,2977.1,2977.2,27535.0
2020-06-24T14:28:00+0530,2978.65,2982.55,2977.2,2980.0,19889.0
2020-06-24T14:29:00+0530,2980.25,2982.15,2971.65,2974.1,33150.0
2020-06-24T14:30:00+0530,2974.1,2980.0,2972.35,2977.0,21169.0
2020-06-24T14:31:00+0530,2977.55,2984.45,2976.45,2980.8,15212.0
2020-06-24T14:32:00+0530,2980.0,2981.8,2977.0,2978.0,16881.0
2020-06-24T14:33:00+0530,2978.9,2980.65,2977.0,2978.4,12547.0
2020-06-24T14:34:00+0530,2978.7,2980.0,2972.0,2972.2,42362.0
2020-06-24T14:35:00+0530,2969.6,2971.95,2953.75,2955.5,122077.0
2020-06-24T14:36:00+0530,2955.5,2961.4,2946.3,2946.3,130660.0
2020-06-24T14:37:00+0530,2948.0,2953.7,2943.0,2952.1,103325.0
2020-06-24T14:38:00+0530,2950.75,2954.0,2939.2,2941.3,111296.0
2020-06-24T14:39:00+0530,2940.65,2946.25,2940.2,2941.1,66560.0
2020-06-24T14:40:00+0530,2941.0,2948.0,2940.95,2944.75,72310.0
2020-06-24T14:41:00+0530,2943.65,2944.75,2940.0,2944.0,52778.0
2020-06-24T14:42:00+0530,2945.35,2951.6,2936.3,2937.4,77477.0
2020-06-24T14:43:00+0530,2935.95,2944.7,2933.4,2942.0,79354.0
2020-06-24T14:44:00+0530,2942.45,2952.8,2939.8,2948.95,68464.0
2020-06-24T14:45:00+0530,2949.9,2950.0,2940.25,2942.05,38544.0
2020-06-24T14:46:00+0530,2943.9,2949.75,2943.15,2945.35,32756.0
2020-06-24T14:47:00+0530,2945.7,2946.9,2940.0,2942.0,57938.0
2020-06-24T14:48:00+0530,2941.65,2942.0,2938.05,2940.0,24741.0
2020-06-24T14:49:00+0530,2939.0,2940.45,2933.5,2934.95,48660.0
2020-06-24T14:50:00+0530,2933.95,2937.7,2923.55,2933.9,135896.0
2020-06-24T14:51:00+0530,2933.95,2934.4,2925.0,2925.5,57587.0
2020-06-24T14:52:00+0530,2926.05,2927.55,2913.0,2918.2,113882.0
2020-06-24T14:53:00+0530,2919.85,2920.7,2912.5,2912.5,73413.0
2020-06-24T14:54:00+0530,2914.0,2925.3,2912.95,2917.75,84629.0
2020-06-24T14:55:00+0530,2917.5,2931.75,2916.0,2930.0,75740.0
2020-06-24T14:56:00+0530,2930.0,2942.6,2929.45,2938.95,84471.0
2020-06-24T14:57:00+0530,2937.3,2938.05,2927.2,2931.1,54132.0
2020-06-24T14:58:00+0530,2930.0,2935.9,2927.3,2932.35,43378.0
2020-06-24T14:59:00+0530,2932.15,2939.0,2931.35,2938.85,37011.0
2020-06-24T15:00:00+0530,2938.0,2964.5,2935.8,2964.5,103415.0
2020-06-24T15:01:00+0530,2964.05,2965.8,2951.15,2952.0,88840.0
2020-06-24T15:02:00+0530,2952.0,2952.0,2940.05,2946.3,55893.0
2020-06-24T15:03:00+0530,2947.15,2948.0,2940.0,2940.0,27464.0
2020-06-24T15:04:00+0530,2940.0,2942.05,2935.95,2939.0,37271.0
2020-06-24T15:05:00+0530,2938.95,2941.55,2930.0,2935.95,61320.0
2020-06-24T15:06:00+0530,2935.05,2935.3,2929.0,2931.55,40891.0
2020-06-24T15:07:00+0530,2931.45,2932.9,2925.0,2926.2,38002.0
2020-06-24T15:08:00+0530,2925.3,2927.9,2920.0,2922.0,64244.0
2020-06-24T15:09:00+0530,2922.7,2922.95,2916.1,2920.0,53088.0
2020-06-24T15:10:00+0530,2920.0,2925.6,2916.8,2920.0,103680.0
2020-06-24T15:11:00+0530,2922.0,2922.8,2913.7,2915.0,85640.0
2020-06-24T15:12:00+0530,2912.8,2916.0,2911.0,2911.6,65089.0
2020-06-24T15:13:00+0530,2911.7,2930.0,2911.65,2926.65,66280.0
2020-06-24T15:14:00+0530,2926.85,2937.9,2925.0,2937.9,48038.0
2020-06-24T15:15:00+0530,2940.0,2949.95,2938.8,2942.9,87769.0
2020-06-24T15:16:00+0530,2942.7,2944.9,2924.2,2932.15,124235.0
2020-06-24T15:17:00+0530,2932.4,2934.2,2920.3,2922.25,95195.0
2020-06-24T15:18:00+0530,2922.15,2933.95,2921.8,2933.9,36996.0
2020-06-24T15:19:00+0530,2932.95,2935.0,2932.75,2933.0,29454.0
2020-06-24T15:20:00+0530,2932.75,2943.7,2932.75,2942.0,47797.0
2020-06-24T15:21:00+0530,2942.45,2946.75,2922.1,2925.8,124688.0
2020-06-24T15:22:00+0530,2925.85,2934.7,2924.3,2933.15,17808.0
2020-06-24T15:23:00+0530,2933.6,2936.45,2931.55,2934.8,19517.0
2020-06-24T15:24:00+0530,2933.7,2939.0,2933.2,2939.0,14330.0
2020-06-24T15:25:00+0530,2938.0,2944.5,2938.0,2944.0,18209.0
2020-06-24T15:26:00+0530,2944.0,2944.6,2941.0,2942.6,16447.0
2020-06-24T15:27:00+0530,2943.0,2951.8,2942.1,2950.5,50794.0
2020-06-24T15:28:00+0530,2950.0,2955.0,2950.0,2953.05,49593.0
2020-06-24T15:29:00+0530,2952.7,2955.25,2945.1,2953.0,32045.0
2020-06-25T09:15:00+0530,2878.05,2878.05,2853.3,2857.25,202997.0
2020-06-25T09:16:00+0530,2856.85,2867.7,2855.0,2865.95,183864.0
2020-06-25T09:17:00+0530,2866.7,2883.45,2863.75,2883.4,115033.0
2020-06-25T09:18:00+0530,2883.35,2883.35,2868.15,2868.95,107528.0
2020-06-25T09:19:00+0530,2868.95,2871.7,2863.2,2865.0,77468.0
2020-06-25T09:20:00+0530,2865.2,2865.25,2854.65,2855.0,70883.0
2020-06-25T09:21:00+0530,2854.6,2857.25,2851.0,2855.7,115102.0
2020-06-25T09:22:00+0530,2855.0,2862.85,2855.0,2860.85,91543.0
2020-06-25T09:23:00+0530,2861.0,2872.05,2861.0,2870.7,54374.0
2020-06-25T09:24:00+0530,2870.0,2887.75,2870.0,2877.4,132934.0
2020-06-25T09:25:00+0530,2877.2,2882.0,2872.8,2880.5,65838.0
2020-06-25T09:26:00+0530,2882.0,2882.45,2873.4,2874.45,76003.0
2020-06-25T09:27:00+0530,2873.05,2889.4,2873.0,2884.3,59024.0
2020-06-25T09:28:00+0530,2885.8,2894.95,2883.85,2889.0,81195.0
2020-06-25T09:29:00+0530,2889.75,2890.25,2879.95,2879.95,52315.0
2020-06-25T09:30:00+0530,2876.9,2890.8,2876.0,2890.2,53889.0
2020-06-25T09:31:00+0530,2890.85,2898.0,2885.9,2894.05,62812.0
2020-06-25T09:32:00+0530,2894.75,2897.9,2885.6,2890.85,65954.0
2020-06-25T09:33:00+0530,2891.75,2891.9,2886.0,2889.75,35149.0
2020-06-25T09:34:00+0530,2889.65,2897.75,2887.0,2893.0,46145.0
2020-06-25T09:35:00+0530,2892.15,2904.7,2891.55,2901.0,100553.0
2020-06-25T09:36:00+0530,2901.0,2908.75,2897.75,2908.75,78403.0
2020-06-25T09:37:00+0530,2909.0,2913.9,2907.0,2911.45,144155.0
2020-06-25T09:38:00+0530,2912.0,2918.0,2903.3,2903.3,101399.0
2020-06-25T09:39:00+0530,2904.45,2922.0,2904.0,2921.5,90794.0
2020-06-25T09:40:00+0530,2920.0,2925.0,2914.0,2924.8,82325.0
2020-06-25T09:41:00+0530,2926.3,2936.4,2922.0,2922.35,111757.0
2020-06-25T09:42:00+0530,2922.8,2924.65,2908.55,2908.55,81748.0
2020-06-25T09:43:00+0530,2910.6,2918.9,2908.35,2918.9,51759.0
2020-06-25T09:44:00+0530,2918.2,2921.3,2913.85,2913.85,30589.0
2020-06-25T09:45:00+0530,2914.15,2914.3,2899.5,2907.25,85017.0
2020-06-25T09:46:00+0530,2907.9,2913.7,2906.0,2906.0,33508.0
2020-06-25T09:47:00+0530,2906.0,2910.0,2905.2,2906.8,29068.0
2020-06-25T09:48:00+0530,2906.85,2917.75,2905.0,2916.25,36762.0
2020-06-25T09:49:00+0530,2916.3,2927.65,2916.0,2926.8,47805.0
2020-06-25T09:50:00+0530,2928.45,2928.45,2917.0,2923.45,52947.0
2020-06-25T09:51:00+0530,2923.9,2935.0,2921.3,2935.0,68050.0
2020-06-25T09:52:00+0530,2932.3,2934.95,2926.35,2928.3,54415.0
2020-06-25T09:53:00+0530,2930.0,2933.0,2922.2,2922.35,40999.0
2020-06-25T09:54:00+0530,2922.0,2924.95,2920.0,2920.0,34416.0
2020-06-25T09:55:00+0530,2920.7,2921.1,2911.4,2919.2,38602.0
2020-06-25T09:56:00+0530,2919.6,2924.2,2918.35,2923.25,16452.0
2020-06-25T09:57:00+0530,2924.0,2924.0,2914.6,2917.8,23545.0
2020-06-25T09:58:00+0530,2919.25,2919.25,2910.2,2917.85,35438.0
2020-06-25T09:59:00+0530,2917.4,2917.8,2910.1,2913.6,23268.0
2020-06-25T10:00:00+0530,2913.15,2913.85,2901.0,2903.45,54993.0
2020-06-25T10:01:00+0530,2905.0,2911.7,2902.2,2909.95,42267.0
2020-06-25T10:02:00+0530,2909.0,2917.7,2907.4,2913.3,26686.0
2020-06-25T10:03:00+0530,2913.1,2917.45,2910.15,2914.3,17933.0
2020-06-25T10:04:00+0530,2914.3,2917.95,2907.0,2907.05,24006.0
2020-06-25T10:05:00+0530,2908.1,2908.9,2904.0,2907.0,18635.0
2020-06-25T10:06:00+0530,2906.75,2907.65,2900.6,2902.55,28745.0
2020-06-25T10:07:00+0530,2902.65,2912.85,2902.6,2909.25,29819.0
2020-06-25T10:08:00+0530,2909.35,2910.0,2903.0,2907.1,17813.0
2020-06-25T10:09:00+0530,2906.1,2907.35,2901.3,2906.2,21874.0
2020-06-25T10:10:00+0530,2906.55,2912.7,2906.55,2910.8,27712.0
2020-06-25T10:11:00+0530,2911.5,2917.75,2910.6,2911.85,29010.0
2020-06-25T10:12:00+0530,2912.0,2916.6,2908.35,2912.7,15151.0
2020-06-25T10:13:00+0530,2912.95,2915.95,2911.0,2915.0,18435.0
2020-06-25T10:14:00+0530,2913.55,2914.55,2908.2,2909.9,12846.0
2020-06-25T10:15:00+0530,2909.9,2916.0,2909.0,2914.0,20376.0
2020-06-25T10:16:00+0530,2915.0,2918.0,2914.0,2918.0,16829.0
2020-06-25T10:17:00+0530,2918.0,2927.05,2916.85,2924.0,62685.0
2020-06-25T10:18:00+0530,2923.9,2924.0,2917.05,2917.3,23921.0
2020-06-25T10:19:00+0530,2917.3,2922.6,2913.2,2920.75,25599.0
2020-06-25T10:20:00+0530,2922.3,2924.0,2916.65,2923.7,16151.0
2020-06-25T10:21:00+0530,2923.4,2924.0,2920.0,2923.75,13878.0
2020-06-25T10:22:00+0530,2922.9,2927.75,2922.7,2924.9,32497.0
2020-06-25T10:23:00+0530,2925.7,2927.95,2923.0,2925.0,24746.0
2020-06-25T10:24:00+0530,2925.1,2935.0,2924.9,2934.05,65555.0
2020-06-25T10:25:00+0530,2934.0,2934.55,2928.05,2929.55,45876.0
2020-06-25T10:26:00+0530,2930.0,2931.95,2925.75,2930.05,31556.0
2020-06-25T10:27:00+0530,2931.65,2946.05,2930.0,2942.0,128033.0
2020-06-25T10:28:00+0530,2943.2,2957.0,2938.7,2956.95,93707.0
2020-06-25T10:29:00+0530,2958.95,2967.0,2951.2,2963.0,125135.0
2020-06-25T10:30:00+0530,2963.15,2973.7,2961.9,2968.7,113279.0
2020-06-25T10:31:00+0530,2967.35,2967.35,2952.7,2954.35,89177.0
2020-06-25T10:32:00+0530,2954.15,2954.15,2945.8,2951.65,79606.0
2020-06-25T10:33:00+0530,2953.95,2961.2,2952.4,2961.2,56831.0
2020-06-25T10:34:00+0530,2961.7,2963.4,2958.2,2961.0,42781.0
2020-06-25T10:35:00+0530,2961.0,2961.0,2955.0,2959.1,36946.0
2020-06-25T10:36:00+0530,2959.05,2969.6,2958.65,2966.0,57305.0
2020-06-25T10:37:00+0530,2965.55,2974.25,2963.0,2964.5,100690.0
2020-06-25T10:38:00+0530,2964.75,2966.15,2961.65,2962.0,31659.0
2020-06-25T10:39:00+0530,2962.05,2972.9,2961.8,2970.0,40090.0
2020-06-25T10:40:00+0530,2969.0,2977.7,2968.15,2974.75,62309.0
2020-06-25T10:41:00+0530,2974.0,2974.5,2964.25,2965.85,58834.0
2020-06-25T10:42:00+0530,2966.1,2970.1,2963.1,2964.0,33019.0
2020-06-25T10:43:00+0530,2961.05,2964.55,2954.8,2955.05,61477.0
2020-06-25T10:44:00+0530,2956.95,2963.55,2956.15,2957.1,43112.0
2020-06-25T10:45:00+0530,2956.9,2959.75,2951.1,2959.6,53857.0
2020-06-25T10:46:00+0530,2959.95,2962.1,2956.4,2957.2,28502.0
2020-06-25T10:47:00+0530,2958.85,2959.0,2952.15,2955.95,30257.0
2020-06-25T10:48:00+0530,2955.0,2957.35,2953.0,2953.35,20190.0
2020-06-25T10:49:00+0530,2951.25,2957.0,2951.15,2955.15,19807.0
2020-06-25T10:50:00+0530,2956.25,2960.0,2955.0,2956.45,15139.0
2020-06-25T10:51:00+0530,2955.0,2956.05,2950.0,2953.65,49342.0
2020-06-25T10:52:00+0530,2954.0,2954.85,2951.2,2953.0,10915.0
2020-06-25T10:53:00+0530,2953.5,2955.0,2950.0,2953.5,27231.0
2020-06-25T10:54:00+0530,2954.65,2955.0,2952.0,2952.0,12521.0
2020-06-25T10:55:00+0530,2952.0,2954.35,2951.35,2952.05,11519.0
2020-06-25T10:56:00+0530,2952.0,2952.95,2942.1,2943.7,49824.0
2020-06-25T10:57:00+0530,2943.85,2951.9,2943.45,2948.0,23501.0
2020-06-25T10:58:00+0530,2947.05,2959.5,2947.05,2958.75,33216.0
2020-06-25T10:59:00+0530,2959.9,2959.9,2955.8,2959.65,24607.0
2020-06-25T11:00:00+0530,2959.05,2967.85,2958.4,2962.3,54315.0
2020-06-25T11:01:00+0530,2962.5,2967.95,2961.35,2963.7,31931.0
2020-06-25T11:02:00+0530,2962.65,2964.7,2960.2,2962.0,19199.0
2020-06-25T11:03:00+0530,2962.0,2970.0,2961.35,2970.0,38227.0
2020-06-25T11:04:00+0530,2968.1,2970.0,2964.4,2968.8,28639.0
2020-06-25T11:05:00+0530,2967.55,2973.0,2967.05,2968.55,35509.0
2020-06-25T11:06:00+0530,2968.1,2969.5,2962.75,2963.5,19870.0
2020-06-25T11:07:00+0530,2963.85,2967.6,2960.0,2966.85,17662.0
2020-06-25T11:08:00+0530,2966.1,2971.0,2965.0,2969.0,21804.0
2020-06-25T11:09:00+0530,2969.45,2970.3,2963.85,2963.85,33622.0
2020-06-25T11:10:00+0530,2964.0,2967.0,2962.0,2962.7,15033.0
2020-06-25T11:11:00+0530,2963.0,2965.3,2960.05,2961.0,18375.0
2020-06-25T11:12:00+0530,2961.0,2961.95,2955.1,2959.05,43130.0
2020-06-25T11:13:00+0530,2959.5,2960.4,2957.55,2959.25,14500.0
2020-06-25T11:14:00+0530,2959.15,2959.35,2952.2,2952.8,23538.0
2020-06-25T11:15:00+0530,2954.0,2958.0,2952.7,2955.8,13182.0
2020-06-25T11:16:00+0530,2956.9,2962.0,2955.25,2956.05,25136.0
2020-06-25T11:17:00+0530,2956.05,2961.35,2956.0,2960.05,7952.0
2020-06-25T11:18:00+0530,2960.0,2960.05,2956.0,2956.85,6906.0
2020-06-25T11:19:00+0530,2956.0,2956.8,2943.25,2943.25,60685.0
2020-06-25T11:20:00+0530,2944.5,2950.0,2938.65,2940.6,60977.0
2020-06-25T11:21:00+0530,2940.6,2946.55,2940.0,2945.0,36636.0
2020-06-25T11:22:00+0530,2944.95,2947.0,2932.65,2936.85,74307.0
2020-06-25T11:23:00+0530,2935.45,2938.45,2926.7,2933.0,56840.0
2020-06-25T11:24:00+0530,2931.9,2940.05,2930.95,2936.0,41865.0
2020-06-25T11:25:00+0530,2937.2,2945.3,2936.05,2942.85,32501.0
2020-06-25T11:26:00+0530,2943.4,2944.35,2938.4,2942.3,32237.0
2020-06-25T11:27:00+0530,2941.15,2946.6,2941.05,2944.4,21914.0
2020-06-25T11:28:00+0530,2943.35,2946.95,2942.05,2944.65,16331.0
2020-06-25T11:29:00+0530,2944.6,2944.7,2937.15,2937.25,19502.0
2020-06-25T11:30:00+0530,2936.85,2945.0,2935.25,2942.65,20793.0
2020-06-25T11:31:00+0530,2943.1,2950.0,2943.1,2949.45,32464.0
2020-06-25T11:32:00+0530,2948.45,2949.65,2945.15,2946.95,15691.0
2020-06-25T11:33:00+0530,2948.0,2950.0,2946.95,2948.9,19856.0
2020-06-25T11:34:00+0530,2949.0,2958.6,2948.55,2953.5,39379.0
2020-06-25T11:35:00+0530,2953.85,2957.0,2950.0,2951.4,22524.0
2020-06-25T11:36:00+0530,2951.4,2952.0,2945.3,2946.55,10828.0
2020-06-25T11:37:00+0530,2946.6,2952.6,2945.0,2948.7,13561.0
2020-06-25T11:38:00+0530,2947.95,2950.0,2945.05,2946.35,12504.0
2020-06-25T11:39:00+0530,2946.35,2948.35,2944.4,2946.15,8312.0
2020-06-25T11:40:00+0530,2945.7,2948.0,2941.25,2948.0,18652.0
2020-06-25T11:41:00+0530,2947.15,2949.0,2943.85,2943.9,16080.0
2020-06-25T11:42:00+0530,2944.8,2947.0,2941.35,2941.35,12105.0
2020-06-25T11:43:00+0530,2942.05,2944.15,2941.0,2942.95,8600.0
2020-06-25T11:44:00+0530,2942.95,2944.0,2940.55,2942.15,16872.0
2020-06-25T11:45:00+0530,2942.0,2946.0,2939.0,2945.0,34056.0
2020-06-25T11:46:00+0530,2944.8,2948.35,2942.0,2943.0,21334.0
2020-06-25T11:47:00+0530,2942.1,2943.35,2936.7,2939.75,24194.0
2020-06-25T11:48:00+0530,2941.65,2941.65,2930.35,2931.05,66426.0
2020-06-25T11:49:00+0530,2931.6,2932.75,2924.0,2930.15,73227.0
2020-06-25T11:50:00+0530,2929.0,2939.5,2929.0,2938.9,35886.0
2020-06-25T11:51:00+0530,2938.0,2941.8,2936.3,2936.3,35483.0
2020-06-25T11:52:00+0530,2937.95,2939.45,2930.0,2930.85,32918.0
2020-06-25T11:53:00+0530,2931.4,2936.2,2930.35,2931.1,26913.0
2020-06-25T11:54:00+0530,2931.85,2934.0,2928.0,2929.2,34273.0
2020-06-25T11:55:00+0530,2928.95,2934.95,2928.95,2933.05,26202.0
2020-06-25T11:56:00+0530,2931.85,2933.0,2927.0,2927.1,20292.0
2020-06-25T11:57:00+0530,2928.65,2937.7,2927.95,2937.7,36068.0
2020-06-25T11:58:00+0530,2936.95,2940.0,2932.45,2932.45,22779.0
2020-06-25T11:59:00+0530,2932.45,2934.0,2928.5,2929.0,23872.0
2020-06-25T12:00:00+0530,2929.0,2932.45,2928.0,2931.5,16441.0
2020-06-25T12:01:00+0530,2930.7,2936.0,2930.0,2933.0,19832.0
2020-06-25T12:02:00+0530,2933.0,2933.6,2927.1,2928.0,32119.0
2020-06-25T12:03:00+0530,2929.2,2931.6,2924.0,2930.35,46451.0
2020-06-25T12:04:00+0530,2929.2,2934.4,2926.25,2932.8,26787.0
2020-06-25T12:05:00+0530,2932.8,2944.0,2929.35,2938.85,54174.0
2020-06-25T12:06:00+0530,2940.0,2944.9,2938.4,2943.8,23518.0
2020-06-25T12:07:00+0530,2943.0,2944.0,2940.6,2941.85,16578.0
2020-06-25T12:08:00+0530,2941.1,2941.85,2936.15,2936.85,12886.0
2020-06-25T12:09:00+0530,2937.0,2945.85,2937.0,2945.85,25675.0
2020-06-25T12:10:00+0530,2946.0,2947.65,2943.0,2943.45,30677.0
2020-06-25T12:11:00+0530,2943.0,2945.25,2941.1,2942.95,11441.0
2020-06-25T12:12:00+0530,2942.0,2946.75,2941.25,2945.85,32318.0
2020-06-25T12:13:00+0530,2944.75,2950.0,2944.45,2949.3,27622.0
2020-06-25T12:14:00+0530,2949.75,2951.0,2942.8,2945.55,48548.0
2020-06-25T12:15:00+0530,2946.65,2947.0,2936.1,2938.3,37000.0
2020-06-25T12:16:00+0530,2937.0,2938.45,2935.0,2936.0,21266.0
2020-06-25T12:17:00+0530,2936.0,2940.0,2935.0,2936.0,17971.0
2020-06-25T12:18:00+0530,2936.0,2941.7,2935.5,2941.55,20868.0
2020-06-25T12:19:00+0530,2941.5,2943.5,2936.1,2936.1,12395.0
2020-06-25T12:20:00+0530,2936.35,2938.0,2932.65,2932.65,19102.0
2020-06-25T12:21:00+0530,2933.7,2937.35,2933.0,2935.95,13556.0
2020-06-25T12:22:00+0530,2936.0,2939.0,2935.8,2939.0,11753.0
2020-06-25T12:23:00+0530,2939.0,2940.0,2937.85,2939.95,31355.0
2020-06-25T12:24:00+0530,2940.0,2940.0,2938.05,2939.8,17415.0
2020-06-25T12:25:00+0530,2939.8,2940.0,2932.2,2933.1,21021.0
2020-06-25T12:26:00+0530,2933.0,2939.8,2930.55,2939.0,19332.0
2020-06-25T12:27:00+0530,2939.05,2940.0,2936.4,2938.0,12840.0
2020-06-25T12:28:00+0530,2937.95,2939.3,2935.0,2938.0,7772.0
2020-06-25T12:29:00+0530,2938.3,2951.5,2938.0,2950.0,61610.0
2020-06-25T12:30:00+0530,2949.5,2958.1,2947.9,2957.4,63814.0
2020-06-25T12:31:00+0530,2957.25,2958.9,2953.0,2954.0,42880.0
2020-06-25T12:32:00+0530,2951.95,2955.6,2951.0,2951.55,26945.0
2020-06-25T12:33:00+0530,2951.55,2954.35,2944.4,2953.55,40157.0
2020-06-25T12:34:00+0530,2955.0,2964.1,2952.1,2961.8,81938.0
2020-06-25T12:35:00+0530,2960.15,2976.2,2960.15,2971.0,130887.0
2020-06-25T12:36:00+0530,2972.5,2975.05,2967.5,2967.7,64571.0
2020-06-25T12:37:00+0530,2967.3,2976.4,2965.5,2974.55,80150.0
2020-06-25T12:38:00+0530,2974.55,2975.0,2968.0,2971.0,51699.0
2020-06-25T12:39:00+0530,2971.15,2981.5,2969.0,2977.95,122748.0
2020-06-25T12:40:00+0530,2978.1,2978.1,2966.7,2972.65,60506.0
2020-06-25T12:41:00+0530,2972.65,2972.7,2963.7,2965.65,60869.0
2020-06-25T12:42:00+0530,2966.0,2968.4,2960.85,2960.85,46636.0
2020-06-25T12:43:00+0530,2960.0,2962.0,2951.15,2952.7,64790.0
2020-06-25T12:44:00+0530,2952.7,2956.25,2948.0,2954.0,64599.0
2020-06-25T12:45:00+0530,2954.7,2957.7,2948.1,2954.1,51819.0
2020-06-25T12:46:00+0530,2953.85,2954.7,2944.05,2945.0,63264.0
2020-06-25T12:47:00+0530,2944.9,2955.0,2942.85,2954.3,51761.0
2020-06-25T12:48:00+0530,2953.9,2954.05,2947.0,2948.15,16002.0
2020-06-25T12:49:00+0530,2948.1,2953.85,2947.0,2953.0,23064.0
2020-06-25T12:50:00+0530,2953.0,2957.3,2950.75,2956.0,30533.0
2020-06-25T12:51:00+0530,2957.4,2959.0,2950.15,2951.0,30389.0
2020-06-25T12:52:00+0530,2950.5,2953.3,2948.0,2948.75,26720.0
2020-06-25T12:53:00+0530,2948.75,2952.15,2943.6,2951.0,39928.0
2020-06-25T12:54:00+0530,2951.1,2953.75,2948.3,2949.95,17836.0
2020-06-25T12:55:00+0530,2949.0,2955.05,2945.3,2955.05,30286.0
2020-06-25T12:56:00+0530,2952.0,2954.15,2948.2,2950.0,27522.0
2020-06-25T12:57:00+0530,2949.95,2955.0,2949.45,2952.6,35610.0
2020-06-25T12:58:00+0530,2952.8,2962.0,2952.05,2962.0,37088.0
2020-06-25T12:59:00+0530,2962.0,2962.0,2952.0,2954.9,24605.0
2020-06-25T13:00:00+0530,2953.8,2955.4,2948.2,2951.65,31925.0
2020-06-25T13:01:00+0530,2950.9,2961.7,2950.0,2960.0,28135.0
2020-06-25T13:02:00+0530,2960.0,2961.8,2955.05,2958.05,34402.0
2020-06-25T13:03:00+0530,2955.5,2959.6,2953.0,2957.0,46246.0
2020-06-25T13:04:00+0530,2956.05,2957.0,2950.0,2952.95,23480.0
2020-06-25T13:05:00+0530,2952.95,2954.9,2951.0,2954.9,6478.0
2020-06-25T13:06:00+0530,2954.25,2957.9,2952.0,2952.05,15910.0
2020-06-25T13:07:00+0530,2953.0,2953.0,2949.05,2949.45,37588.0
2020-06-25T13:08:00+0530,2950.15,2955.8,2950.0,2952.65,15038.0
2020-06-25T13:09:00+0530,2954.0,2955.0,2951.0,2953.75,12087.0
2020-06-25T13:10:00+0530,2955.55,2960.0,2954.45,2959.15,31083.0
2020-06-25T13:11:00+0530,2957.85,2959.5,2955.8,2958.15,12074.0
2020-06-25T13:12:00+0530,2958.7,2964.95,2958.7,2959.0,34960.0
2020-06-25T13:13:00+0530,2958.1,2963.0,2958.1,2960.0,16820.0
2020-06-25T13:14:00+0530,2960.0,2961.45,2956.9,2959.65,10560.0
2020-06-25T13:15:00+0530,2961.0,2967.0,2961.0,2964.65,27730.0
2020-06-25T13:16:00+0530,2964.65,2966.0,2960.95,2963.35,13383.0
2020-06-25T13:17:00+0530,2964.0,2964.95,2960.0,2960.25,12220.0
2020-06-25T13:18:00+0530,2960.0,2964.6,2960.0,2961.9,15207.0
2020-06-25T13:19:00+0530,2962.45,2964.1,2960.05,2962.0,10644.0
2020-06-25T13:20:00+0530,2962.0,2965.35,2960.7,2960.9,15138.0
2020-06-25T13:21:00+0530,2960.8,2960.8,2952.0,2952.0,39935.0
2020-06-25T13:22:00+0530,2952.9,2958.0,2952.0,2956.0,14044.0
2020-06-25T13:23:00+0530,2956.0,2957.0,2952.35,2956.6,15292.0
2020-06-25T13:24:00+0530,2956.5,2957.0,2952.0,2955.9,13355.0
2020-06-25T13:25:00+0530,2955.05,2960.0,2955.05,2956.85,15048.0
2020-06-25T13:26:00+0530,2958.0,2960.0,2957.95,2959.65,6488.0
2020-06-25T13:27:00+0530,2959.2,2963.0,2959.2,2960.0,15189.0
2020-06-25T13:28:00+0530,2960.3,2963.8,2959.25,2961.05,13823.0
2020-06-25T13:29:00+0530,2961.35,2964.0,2959.75,2961.0,13508.0
2020-06-25T13:30:00+0530,2962.3,2964.0,2960.75,2962.5,10854.0
2020-06-25T13:31:00+0530,2962.0,2964.0,2961.1,2963.0,11630.0
2020-06-25T13:32:00+0530,2963.0,2967.8,2963.0,2965.0,26122.0
2020-06-25T13:33:00+0530,2966.0,2975.0,2965.0,2975.0,56240.0
2020-06-25T13:34:00+0530,2975.0,2975.0,2967.1,2968.0,47270.0
2020-06-25T13:35:00+0530,2968.1,2971.7,2967.0,2970.45,25431.0
2020-06-25T13:36:00+0530,2970.3,2975.0,2970.25,2973.05,37775.0
2020-06-25T13:37:00+0530,2972.9,2985.75,2972.3,2982.8,89210.0
2020-06-25T13:38:00+0530,2982.85,2984.7,2977.7,2978.3,63704.0
2020-06-25T13:39:00+0530,2978.65,2988.75,2978.3,2986.65,67983.0
2020-06-25T13:40:00+0530,2987.25,2992.05,2985.25,2990.0,81621.0
2020-06-25T13:41:00+0530,2988.8,2990.0,2984.1,2988.0,46656.0
2020-06-25T13:42:00+0530,2988.85,2994.0,2988.0,2990.2,56388.0
2020-06-25T13:43:00+0530,2991.05,2999.0,2990.0,2998.15,94538.0
2020-06-25T13:44:00+0530,2998.7,3018.1,2998.0,3010.45,226978.0
2020-06-25T13:45:00+0530,3009.5,3024.6,3007.85,3014.25,135147.0
2020-06-25T13:46:00+0530,3013.7,3024.5,3013.15,3020.0,70888.0
2020-06-25T13:47:00+0530,3020.15,3021.25,3009.0,3015.05,89390.0
2020-06-25T13:48:00+0530,3015.9,3024.25,3015.9,3021.8,78047.0
2020-06-25T13:49:00+0530,3020.65,3022.0,3015.55,3019.7,58514.0
2020-06-25T13:50:00+0530,3020.95,3031.85,3019.7,3030.15,94236.0
2020-06-25T13:51:00+0530,3031.7,3038.2,3030.2,3034.15,113625.0
2020-06-25T13:52:00+0530,3033.3,3045.45,3032.0,3042.35,116334.0
2020-06-25T13:53:00+0530,3042.0,3042.3,3025.65,3031.0,92831.0
2020-06-25T13:54:00+0530,3029.2,3032.0,3021.0,3022.0,79234.0
2020-06-25T13:55:00+0530,3021.3,3022.7,3007.75,3011.05,116132.0
2020-06-25T13:56:00+0530,3012.0,3018.0,3002.3,3012.75,95835.0
2020-06-25T13:57:00+0530,3012.95,3014.5,3008.0,3010.8,48551.0
2020-06-25T13:58:00+0530,3011.0,3011.0,2995.35,2996.8,115690.0
2020-06-25T13:59:00+0530,2996.25,3016.0,2995.65,3011.5,80384.0
2020-06-25T14:00:00+0530,3013.15,3021.3,3011.5,3015.6,65464.0
2020-06-25T14:01:00+0530,3016.3,3019.9,3010.35,3016.3,25073.0
2020-06-25T14:02:00+0530,3015.6,3018.0,3001.6,3004.0,39351.0
2020-06-25T14:03:00+0530,3003.75,3015.9,3003.75,3009.75,37009.0
2020-06-25T14:04:00+0530,3010.0,3016.7,3009.1,3015.0,30725.0
2020-06-25T14:05:00+0530,3014.4,3018.0,3012.05,3015.2,26077.0
2020-06-25T14:06:00+0530,3015.8,3017.0,3006.5,3006.9,31134.0
2020-06-25T14:07:00+0530,3005.95,3014.45,3005.6,3012.85,20835.0
2020-06-25T14:08:00+0530,3012.7,3013.25,3009.0,3009.0,15988.0
2020-06-25T14:09:00+0530,3009.55,3016.3,3008.0,3016.1,31017.0
2020-06-25T14:10:00+0530,3016.1,3017.75,3012.2,3014.0,16463.0
2020-06-25T14:11:00+0530,3014.5,3014.8,3011.2,3012.05,14506.0
2020-06-25T14:12:00+0530,3012.0,3018.0,3010.4,3017.1,32387.0
2020-06-25T14:13:00+0530,3017.85,3030.0,3017.4,3025.2,88859.0
2020-06-25T14:14:00+0530,3027.0,3033.7,3025.8,3028.4,72899.0
2020-06-25T14:15:00+0530,3028.75,3033.0,3027.0,3030.2,38447.0
2020-06-25T14:16:00+0530,3031.0,3032.0,3028.0,3030.7,38574.0
2020-06-25T14:17:00+0530,3030.0,3031.0,3024.5,3025.95,40068.0
2020-06-25T14:18:00+0530,3025.05,3025.05,3016.4,3018.0,50900.0
2020-06-25T14:19:00+0530,3016.5,3028.1,3016.5,3024.7,38142.0
2020-06-25T14:20:00+0530,3024.25,3028.0,3023.2,3025.85,17547.0
2020-06-25T14:21:00+0530,3027.3,3030.0,3023.7,3029.3,31417.0
2020-06-25T14:22:00+0530,3029.3,3030.05,3025.05,3029.6,28385.0
2020-06-25T14:23:00+0530,3029.2,3031.0,3028.0,3028.95,27580.0
2020-06-25T14:24:00+0530,3028.95,3034.95,3028.0,3034.45,50205.0
2020-06-25T14:25:00+0530,3034.1,3038.8,3033.05,3034.4,65178.0
2020-06-25T14:26:00+0530,3032.9,3034.35,3029.2,3031.15,28994.0
2020-06-25T14:27:00+0530,3032.55,3032.55,3024.3,3028.1,33828.0
2020-06-25T14:28:00+0530,3028.0,3031.0,3026.8,3031.0,19744.0
2020-06-25T14:29:00+0530,3030.05,3032.55,3028.0,3028.1,20333.0
2020-06-25T14:30:00+0530,3028.1,3032.0,3025.35,3025.35,24037.0
2020-06-25T14:31:00+0530,3025.3,3027.05,3017.5,3021.0,61944.0
2020-06-25T14:32:00+0530,3021.0,3021.0,3011.5,3017.05,61159.0
2020-06-25T14:33:00+0530,3015.85,3025.0,3015.85,3023.95,32619.0
2020-06-25T14:34:00+0530,3024.0,3025.35,3021.0,3023.4,26556.0
2020-06-25T14:35:00+0530,3024.15,3027.0,3024.0,3024.95,15998.0
2020-06-25T14:36:00+0530,3024.85,3025.45,3016.15,3020.5,28317.0
2020-06-25T14:37:00+0530,3021.0,3022.35,3019.0,3019.4,20494.0
2020-06-25T14:38:00+0530,3021.0,3025.2,3019.35,3023.4,18866.0
2020-06-25T14:39:00+0530,3023.5,3029.0,3023.35,3028.05,22794.0
2020-06-25T14:40:00+0530,3028.8,3032.5,3026.05,3029.15,56233.0
2020-06-25T14:41:00+0530,3029.75,3030.85,3023.3,3025.95,25099.0
2020-06-25T14:42:00+0530,3024.95,3026.65,3021.65,3023.3,16305.0
2020-06-25T14:43:00+0530,3024.35,3025.5,3021.65,3025.0,18708.0
2020-06-25T14:44:00+0530,3023.35,3024.25,3021.55,3022.05,13828.0
2020-06-25T14:45:00+0530,3022.05,3022.05,3014.05,3015.5,59887.0
2020-06-25T14:46:00+0530,3015.5,3015.6,3002.0,3004.3,78846.0
2020-06-25T14:47:00+0530,3006.6,3017.95,3005.1,3015.0,60187.0
2020-06-25T14:48:00+0530,3016.0,3016.9,3006.0,3006.7,35676.0
2020-06-25T14:49:00+0530,3006.0,3012.8,3003.4,3003.45,42725.0
2020-06-25T14:50:00+0530,3003.75,3008.5,2996.8,2996.8,86928.0
2020-06-25T14:51:00+0530,2996.4,3005.0,2992.6,3000.15,85742.0
2020-06-25T14:52:00+0530,3002.6,3014.0,3000.6,3011.8,45754.0
2020-06-25T14:53:00+0530,3012.0,3012.0,3005.5,3007.0,20727.0
2020-06-25T14:54:00+0530,3008.0,3010.5,3003.35,3006.0,20561.0
2020-06-25T14:55:00+0530,3005.05,3009.8,3005.05,3009.35,16723.0
2020-06-25T14:56:00+0530,3009.8,3020.0,3009.0,3017.8,55833.0
2020-06-25T14:57:00+0530,3018.05,3020.95,3015.1,3015.25,40321.0
2020-06-25T14:58:00+0530,3015.75,3015.75,3010.25,3011.3,25449.0
2020-06-25T14:59:00+0530,3010.8,3017.0,3010.2,3015.0,23171.0
2020-06-25T15:00:00+0530,3015.2,3019.6,3008.0,3008.0,33096.0
2020-06-25T15:01:00+0530,3008.65,3012.55,3006.0,3010.8,28011.0
2020-06-25T15:02:00+0530,3011.5,3011.5,3005.0,3005.0,30491.0
2020-06-25T15:03:00+0530,3007.0,3017.75,3006.35,3016.45,33717.0
2020-06-25T15:04:00+0530,3018.4,3019.0,3012.85,3016.85,33379.0
2020-06-25T15:05:00+0530,3018.0,3018.95,3011.45,3012.7,21332.0
2020-06-25T15:06:00+0530,3011.45,3018.0,3011.05,3015.0,20331.0
2020-06-25T15:07:00+0530,3015.0,3015.55,3011.0,3012.0,21157.0
2020-06-25T15:08:00+0530,3012.05,3013.45,3010.0,3010.0,30518.0
2020-06-25T15:09:00+0530,3011.0,3011.0,3007.1,3009.0,38391.0
2020-06-25T15:10:00+0530,3008.5,3019.0,3008.5,3012.9,124233.0
2020-06-25T15:11:00+0530,3017.9,3017.9,3008.8,3008.8,40643.0
2020-06-25T15:12:00+0530,3009.2,3010.8,3004.0,3004.0,37153.0
2020-06-25T15:13:00+0530,3003.55,3009.7,3002.0,3009.0,38402.0
2020-06-25T15:14:00+0530,3008.35,3009.8,3004.3,3006.3,26299.0
2020-06-25T15:15:00+0530,3005.25,3008.95,3005.1,3007.0,38010.0
2020-06-25T15:16:00+0530,3008.5,3012.85,3006.0,3006.0,91905.0
2020-06-25T15:17:00+0530,3006.65,3009.55,3004.65,3007.4,40221.0
2020-06-25T15:18:00+0530,3007.0,3007.85,3002.2,3004.95,36038.0
2020-06-25T15:19:00+0530,3005.85,3005.9,3000.0,3000.55,52829.0
2020-06-25T15:20:00+0530,3001.0,3005.5,2997.45,3001.5,53720.0
2020-06-25T15:21:00+0530,3002.25,3009.9,2990.0,2996.95,116195.0
2020-06-25T15:22:00+0530,2998.9,3001.9,2996.0,2999.95,26441.0
2020-06-25T15:23:00+0530,3000.2,3000.25,2996.05,2998.1,20203.0
2020-06-25T15:24:00+0530,2999.05,3000.0,2993.15,2993.45,19550.0
2020-06-25T15:25:00+0530,2993.45,2993.95,2990.65,2992.3,15374.0
2020-06-25T15:26:00+0530,2992.65,2993.3,2987.0,2987.8,29961.0
2020-06-25T15:27:00+0530,2987.8,2988.15,2983.05,2985.0,36884.0
2020-06-25T15:28:00+0530,2984.0,2985.0,2982.2,2984.7,22427.0
2020-06-25T15:29:00+0530,2984.7,2992.0,2983.65,2990.0,20382.0
2020-06-26T09:15:00+0530,3042.5,3058.75,3030.0,3055.75,162599.0
2020-06-26T09:16:00+0530,3056.1,3056.8,3032.95,3040.0,117515.0
2020-06-26T09:17:00+0530,3039.15,3044.0,3035.7,3037.2,74002.0
2020-06-26T09:18:00+0530,3038.0,3038.0,3024.15,3030.0,83144.0
2020-06-26T09:19:00+0530,3029.65,3040.0,3029.25,3040.0,67236.0
2020-06-26T09:20:00+0530,3042.5,3045.7,3038.55,3038.55,62387.0
2020-06-26T09:21:00+0530,3038.65,3043.65,3036.4,3039.0,34918.0
2020-06-26T09:22:00+0530,3040.15,3041.05,3018.2,3023.6,72422.0
2020-06-26T09:23:00+0530,3023.75,3029.15,3021.15,3023.85,45123.0
2020-06-26T09:24:00+0530,3023.0,3024.0,3015.0,3017.5,54978.0
2020-06-26T09:25:00+0530,3015.85,3023.7,3012.35,3022.15,61879.0
2020-06-26T09:26:00+0530,3022.6,3023.7,3013.45,3015.1,46369.0
2020-06-26T09:27:00+0530,3014.5,3016.3,3009.3,3013.9,52380.0
2020-06-26T09:28:00+0530,3012.4,3024.0,3012.4,3024.0,42734.0
2020-06-26T09:29:00+0530,3023.0,3027.0,3018.75,3027.0,57573.0
2020-06-26T09:30:00+0530,3026.5,3031.85,3026.35,3030.45,67825.0
2020-06-26T09:31:00+0530,3029.8,3030.95,3018.0,3021.4,51391.0
2020-06-26T09:32:00+0530,3023.0,3023.75,3018.95,3023.75,26561.0
2020-06-26T09:33:00+0530,3023.7,3023.7,3016.9,3017.15,28966.0
2020-06-26T09:34:00+0530,3018.15,3019.0,3012.4,3017.05,50529.0
2020-06-26T09:35:00+0530,3016.75,3016.75,3005.75,3006.1,58719.0
2020-06-26T09:36:00+0530,3006.45,3007.35,2996.1,2998.9,93274.0
2020-06-26T09:37:00+0530,2999.1,3012.55,2998.45,3006.9,65825.0
2020-06-26T09:38:00+0530,3005.95,3006.9,3000.0,3000.0,28595.0
2020-06-26T09:39:00+0530,3000.2,3004.0,2994.75,2994.75,59618.0
2020-06-26T09:40:00+0530,2992.1,3002.05,2991.4,3000.0,49483.0
2020-06-26T09:41:00+0530,2996.0,2998.05,2991.0,2991.0,36516.0
2020-06-26T09:42:00+0530,2990.1,2999.0,2987.7,2999.0,69253.0
2020-06-26T09:43:00+0530,3000.0,3010.15,2999.55,3004.55,63530.0
2020-06-26T09:44:00+0530,3003.25,3008.0,3002.05,3004.95,27463.0
2020-06-26T09:45:00+0530,3006.0,3006.0,2995.0,2998.85,35566.0
2020-06-26T09:46:00+0530,2997.7,3000.8,2994.0,2994.85,29060.0
2020-06-26T09:47:00+0530,2994.0,2998.0,2992.2,2994.35,24101.0
2020-06-26T09:48:00+0530,2993.3,2997.0,2993.3,2995.35,19138.0
2020-06-26T09:49:00+0530,2994.8,2999.85,2993.0,2995.0,24760.0
2020-06-26T09:50:00+0530,2994.65,2999.2,2992.9,2996.1,24456.0
2020-06-26T09:51:00+0530,2997.9,2997.9,2990.7,2992.0,29498.0
2020-06-26T09:52:00+0530,2991.65,2999.35,2991.0,2999.35,24234.0
2020-06-26T09:53:00+0530,2999.15,3002.55,2995.35,3000.9,37292.0
2020-06-26T09:54:00+0530,3001.25,3004.7,2999.7,3004.0,25890.0
2020-06-26T09:55:00+0530,3004.0,3008.8,3003.8,3008.0,44169.0
2020-06-26T09:56:00+0530,3007.95,3008.0,2997.65,3000.0,22940.0
2020-06-26T09:57:00+0530,2999.5,3001.2,2992.85,2994.5,23026.0
2020-06-26T09:58:00+0530,2994.45,3002.3,2994.45,2997.5,19388.0
2020-06-26T09:59:00+0530,2996.2,2998.0,2993.0,2993.0,22402.0
2020-06-26T10:00:00+0530,2993.45,2996.0,2992.0,2994.0,30979.0
2020-06-26T10:01:00+0530,2994.95,2996.15,2992.0,2995.35,19885.0
2020-06-26T10:02:00+0530,2995.35,2999.45,2994.2,2995.5,21120.0
2020-06-26T10:03:00+0530,2996.85,2997.0,2991.0,2995.15,20719.0
2020-06-26T10:04:00+0530,2995.95,2997.0,2992.85,2996.15,14782.0
2020-06-26T10:05:00+0530,2995.0,3001.45,2995.0,2998.7,25007.0
2020-06-26T10:06:00+0530,2998.0,3003.0,2996.1,3003.0,25536.0
2020-06-26T10:07:00+0530,3004.0,3004.85,2999.15,3002.0,16929.0
2020-06-26T10:08:00+0530,3000.9,3002.55,2996.95,2996.95,19298.0
2020-06-26T10:09:00+0530,2996.75,3000.0,2996.6,2999.4,11261.0
2020-06-26T10:10:00+0530,2999.9,3001.25,2995.05,2995.05,17373.0
2020-06-26T10:11:00+0530,2993.5,2998.8,2992.0,2993.3,24526.0
2020-06-26T10:12:00+0530,2992.5,2993.35,2989.65,2992.2,70411.0
2020-06-26T10:13:00+0530,2992.55,2995.9,2988.0,2988.0,35151.0
2020-06-26T10:14:00+0530,2984.35,2987.65,2983.05,2986.8,76273.0
2020-06-26T10:15:00+0530,2986.1,2986.8,2980.0,2980.2,59820.0
2020-06-26T10:16:00+0530,2980.0,2982.75,2978.0,2979.0,56283.0
2020-06-26T10:17:00+0530,2979.45,2979.5,2972.45,2975.9,81036.0
2020-06-26T10:18:00+0530,2974.65,2974.65,2962.5,2963.0,104587.0
2020-06-26T10:19:00+0530,2964.95,2973.9,2964.05,2973.6,63345.0
2020-06-26T10:20:00+0530,2973.6,2973.7,2962.15,2968.65,60889.0
2020-06-26T10:21:00+0530,2968.85,2969.7,2956.8,2958.9,83005.0
2020-06-26T10:22:00+0530,2958.6,2970.0,2956.95,2970.0,57658.0
2020-06-26T10:23:00+0530,2970.75,2977.65,2970.0,2972.45,60137.0
2020-06-26T10:24:00+0530,2973.05,2973.05,2967.05,2971.0,33190.0
2020-06-26T10:25:00+0530,2971.6,2977.9,2971.05,2972.0,42639.0
2020-06-26T10:26:00+0530,2972.0,2972.0,2963.05,2965.15,40150.0
2020-06-26T10:27:00+0530,2965.3,2971.35,2963.05,2965.65,48984.0
2020-06-26T10:28:00+0530,2965.0,2969.9,2963.05,2968.0,15175.0
2020-06-26T10:29:00+0530,2968.45,2969.0,2963.55,2967.85,25782.0
2020-06-26T10:30:00+0530,2967.9,2974.2,2966.4,2972.75,32406.0
2020-06-26T10:31:00+0530,2973.3,2979.0,2972.25,2977.95,40819.0
2020-06-26T10:32:00+0530,2977.0,2978.4,2972.75,2977.0,18609.0
2020-06-26T10:33:00+0530,2976.0,2977.6,2971.85,2977.0,13121.0
2020-06-26T10:34:00+0530,2976.85,2978.4,2972.45,2976.35,20295.0
2020-06-26T10:35:00+0530,2976.95,2976.95,2968.25,2972.0,19949.0
2020-06-26T10:36:00+0530,2972.9,2972.9,2967.2,2969.5,18871.0
2020-06-26T10:37:00+0530,2968.75,2971.0,2968.15,2969.05,15527.0
2020-06-26T10:38:00+0530,2969.55,2969.95,2966.0,2968.85,14399.0
2020-06-26T10:39:00+0530,2969.55,2969.55,2964.0,2965.0,16969.0
2020-06-26T10:40:00+0530,2965.0,2968.45,2965.0,2968.4,11879.0
2020-06-26T10:41:00+0530,2968.0,2973.8,2968.0,2970.45,35028.0
2020-06-26T10:42:00+0530,2970.1,2972.0,2970.0,2971.5,5281.0
2020-06-26T10:43:00+0530,2970.65,2971.4,2965.0,2965.5,20266.0
2020-06-26T10:44:00+0530,2964.0,2968.65,2964.0,2966.0,12910.0
2020-06-26T10:45:00+0530,2965.5,2966.0,2962.0,2963.8,23438.0
2020-06-26T10:46:00+0530,2964.0,2964.0,2952.95,2954.35,82233.0
2020-06-26T10:47:00+0530,2954.35,2959.6,2952.3,2957.0,35046.0
2020-06-26T10:48:00+0530,2957.45,2958.6,2954.8,2955.9,26265.0
2020-06-26T10:49:00+0530,2955.75,2960.0,2953.0,2959.35,34883.0
2020-06-26T10:50:00+0530,2959.6,2963.2,2951.05,2952.45,51324.0
2020-06-26T10:51:00+0530,2952.4,2957.6,2949.05,2956.45,81131.0
2020-06-26T10:52:00+0530,2956.35,2959.2,2955.5,2957.55,20429.0
2020-06-26T10:53:00+0530,2958.15,2959.6,2952.35,2956.85,18673.0
2020-06-26T10:54:00+0530,2956.0,2959.9,2953.6,2959.9,17471.0
2020-06-26T10:55:00+0530,2960.0,2965.95,2957.4,2960.0,38212.0
2020-06-26T10:56:00+0530,2961.05,2965.0,2960.1,2963.95,22264.0
2020-06-26T10:57:00+0530,2963.0,2964.95,2957.2,2957.55,18281.0
2020-06-26T10:58:00+0530,2957.95,2958.85,2955.35,2956.0,12653.0
2020-06-26T10:59:00+0530,2956.35,2963.8,2955.05,2961.9,17079.0
2020-06-26T11:00:00+0530,2961.85,2970.0,2961.85,2968.0,39777.0
2020-06-26T11:01:00+0530,2966.8,2970.0,2966.1,2969.15,39195.0
2020-06-26T11:02:00+0530,2969.65,2970.0,2966.7,2970.0,17873.0
2020-06-26T11:03:00+0530,2970.0,2972.95,2969.0,2969.9,34538.0
2020-06-26T11:04:00+0530,2968.5,2968.65,2966.0,2966.6,18161.0
2020-06-26T11:05:00+0530,2966.55,2972.9,2965.5,2968.35,15477.0
2020-06-26T11:06:00+0530,2968.35,2969.9,2962.8,2963.05,18841.0
2020-06-26T11:07:00+0530,2964.3,2964.3,2957.9,2959.25,25968.0
2020-06-26T11:08:00+0530,2959.25,2961.6,2956.0,2957.1,20279.0
2020-06-26T11:09:00+0530,2957.1,2965.0,2957.1,2960.1,13871.0
2020-06-26T11:10:00+0530,2961.45,2961.65,2958.35,2960.55,9878.0
2020-06-26T11:11:00+0530,2960.55,2964.85,2960.05,2963.0,10726.0
2020-06-26T11:12:00+0530,2963.0,2968.0,2963.0,2967.0,16004.0
2020-06-26T11:13:00+0530,2968.0,2969.0,2962.65,2965.15,11873.0
2020-06-26T11:14:00+0530,2964.8,2968.0,2964.8,2966.0,4867.0
2020-06-26T11:15:00+0530,2966.9,2976.7,2965.9,2973.8,50128.0
2020-06-26T11:16:00+0530,2972.85,2974.0,2969.2,2972.0,18942.0
2020-06-26T11:17:00+0530,2972.0,2976.0,2971.2,2975.0,35326.0
2020-06-26T11:18:00+0530,2975.4,2976.45,2972.05,2972.8,19017.0
2020-06-26T11:19:00+0530,2972.75,2973.0,2968.45,2970.35,15947.0
2020-06-26T11:20:00+0530,2971.05,2975.8,2970.05,2975.8,13960.0
2020-06-26T11:21:00+0530,2975.95,2983.0,2975.1,2981.5,43088.0
2020-06-26T11:22:00+0530,2981.0,2982.65,2972.25,2973.65,29485.0
2020-06-26T11:23:00+0530,2974.0,2975.65,2972.0,2973.25,13872.0
2020-06-26T11:24:00+0530,2972.8,2972.8,2966.1,2969.95,29105.0
2020-06-26T11:25:00+0530,2970.0,2970.0,2962.5,2966.0,33588.0
2020-06-26T11:26:00+0530,2965.25,2966.7,2962.6,2966.7,15057.0
2020-06-26T11:27:00+0530,2966.7,2970.0,2964.1,2968.0,11120.0
2020-06-26T11:28:00+0530,2967.65,2968.5,2965.0,2965.0,7993.0
2020-06-26T11:29:00+0530,2966.25,2969.6,2965.0,2968.3,7985.0
2020-06-26T11:30:00+0530,2968.3,2969.4,2963.5,2964.4,13537.0
2020-06-26T11:31:00+0530,2964.4,2966.95,2964.0,2965.55,5805.0
2020-06-26T11:32:00+0530,2965.55,2966.55,2963.05,2964.3,7761.0
2020-06-26T11:33:00+0530,2964.95,2964.95,2960.0,2962.2,34351.0
2020-06-26T11:34:00+0530,2963.6,2967.7,2961.45,2967.7,8152.0
2020-06-26T11:35:00+0530,2966.7,2969.95,2965.05,2968.9,7750.0
2020-06-26T11:36:00+0530,2968.9,2974.75,2967.5,2971.6,18029.0
2020-06-26T11:37:00+0530,2971.8,2972.95,2969.0,2969.8,6603.0
2020-06-26T11:38:00+0530,2969.8,2970.8,2965.0,2967.0,8724.0
2020-06-26T11:39:00+0530,2967.6,2967.9,2965.0,2966.55,6955.0
2020-06-26T11:40:00+0530,2965.05,2968.7,2962.0,2963.9,10196.0
2020-06-26T11:41:00+0530,2964.1,2965.0,2961.1,2961.8,12350.0
2020-06-26T11:42:00+0530,2962.9,2967.15,2961.85,2965.8,7244.0
2020-06-26T11:43:00+0530,2965.6,2970.0,2965.15,2967.4,8015.0
2020-06-26T11:44:00+0530,2967.4,2969.0,2966.1,2966.95,3743.0
2020-06-26T11:45:00+0530,2966.0,2968.0,2964.0,2966.95,4839.0
2020-06-26T11:46:00+0530,2966.6,2967.85,2965.0,2967.85,3255.0
2020-06-26T11:47:00+0530,2967.85,2971.45,2966.7,2968.65,14019.0
2020-06-26T11:48:00+0530,2969.9,2972.95,2969.0,2971.15,8905.0
2020-06-26T11:49:00+0530,2970.1,2972.0,2968.7,2970.95,5236.0
2020-06-26T11:50:00+0530,2971.0,2973.85,2969.75,2972.1,10054.0
2020-06-26T11:51:00+0530,2972.15,2973.0,2968.0,2971.0,7491.0
2020-06-26T11:52:00+0530,2970.0,2971.0,2965.5,2966.9,5428.0
2020-06-26T11:53:00+0530,2965.7,2966.5,2964.3,2964.65,7328.0
2020-06-26T11:54:00+0530,2964.7,2967.0,2964.3,2966.95,5856.0
2020-06-26T11:55:00+0530,2966.4,2968.4,2962.0,2964.2,22398.0
2020-06-26T11:56:00+0530,2963.15,2967.95,2962.05,2967.45,11423.0
2020-06-26T11:57:00+0530,2966.5,2972.0,2966.45,2969.25,16249.0
2020-06-26T11:58:00+0530,2968.9,2971.0,2968.4,2969.5,4561.0
2020-06-26T11:59:00+0530,2968.45,2969.5,2968.05,2968.25,3478.0
2020-06-26T12:00:00+0530,2970.95,2973.0,2968.65,2972.0,17531.0
2020-06-26T12:01:00+0530,2971.15,2976.05,2970.9,2974.0,28139.0
2020-06-26T12:02:00+0530,2974.0,2978.4,2974.0,2976.3,22638.0
2020-06-26T12:03:00+0530,2976.25,2978.0,2973.0,2974.15,17896.0
2020-06-26T12:04:00+0530,2975.0,2977.0,2973.0,2976.1,9474.0
2020-06-26T12:05:00+0530,2976.2,2978.0,2976.15,2977.5,7206.0
2020-06-26T12:06:00+0530,2977.55,2977.55,2972.0,2973.85,13818.0
2020-06-26T12:07:00+0530,2974.1,2977.0,2974.1,2977.0,5338.0
2020-06-26T12:08:00+0530,2977.1,2983.75,2976.5,2977.8,40930.0
2020-06-26T12:09:00+0530,2978.1,2979.95,2972.25,2974.0,15131.0
2020-06-26T12:10:00+0530,2975.0,2978.95,2974.0,2975.4,9984.0
2020-06-26T12:11:00+0530,2976.0,2976.95,2974.5,2975.3,8145.0
2020-06-26T12:12:00+0530,2976.0,2977.7,2975.0,2976.35,7862.0
2020-06-26T12:13:00+0530,2977.3,2977.35,2975.1,2975.45,7420.0
2020-06-26T12:14:00+0530,2976.25,2981.0,2975.4,2980.5,8980.0
2020-06-26T12:15:00+0530,2978.0,2981.95,2977.0,2980.55,16785.0
2020-06-26T12:16:00+0530,2981.5,2982.4,2977.8,2978.9,24129.0
2020-06-26T12:17:00+0530,2978.9,2979.95,2976.75,2978.4,8980.0
2020-06-26T12:18:00+0530,2978.55,2981.9,2977.35,2979.6,10135.0
2020-06-26T12:19:00+0530,2980.9,2981.0,2979.0,2980.0,5242.0
2020-06-26T12:20:00+0530,2980.0,2995.0,2980.0,2994.35,93331.0
2020-06-26T12:21:00+0530,2995.65,2997.05,2991.8,2994.5,47145.0
2020-06-26T12:22:00+0530,2993.1,2999.0,2990.0,2999.0,45285.0
2020-06-26T12:23:00+0530,2999.4,2999.75,2991.1,2993.2,48428.0
2020-06-26T12:24:00+0530,2992.0,2993.5,2990.0,2990.75,20936.0
2020-06-26T12:25:00+0530,2991.35,2992.0,2985.0,2985.2,42803.0
2020-06-26T12:26:00+0530,2986.2,2986.2,2978.0,2978.0,41836.0
2020-06-26T12:27:00+0530,2978.0,2986.3,2977.0,2985.3,30516.0
2020-06-26T12:28:00+0530,2985.75,2986.35,2980.35,2983.55,11848.0
2020-06-26T12:29:00+0530,2984.75,2985.0,2979.0,2979.0,26357.0
2020-06-26T12:30:00+0530,2979.0,2980.35,2974.0,2977.85,37799.0
2020-06-26T12:31:00+0530,2976.7,2982.2,2976.6,2980.5,18488.0
2020-06-26T12:32:00+0530,2981.4,2983.0,2978.2,2980.8,14366.0
2020-06-26T12:33:00+0530,2980.8,2982.5,2978.0,2979.0,12662.0
2020-06-26T12:34:00+0530,2979.0,2982.95,2978.85,2982.2,8572.0
2020-06-26T12:35:00+0530,2982.0,2982.1,2979.0,2982.0,6247.0
2020-06-26T12:36:00+0530,2982.0,2987.9,2980.9,2985.15,22159.0
2020-06-26T12:37:00+0530,2985.15,2986.45,2983.0,2985.3,11038.0
2020-06-26T12:38:00+0530,2985.9,2987.0,2985.0,2985.2,12749.0
2020-06-26T12:39:00+0530,2985.0,2986.6,2982.05,2982.35,8139.0
2020-06-26T12:40:00+0530,2982.5,2985.15,2980.3,2985.15,11627.0
2020-06-26T12:41:00+0530,2984.0,2988.85,2984.0,2987.7,13855.0
2020-06-26T12:42:00+0530,2986.95,2988.0,2981.7,2982.05,8831.0
2020-06-26T12:43:00+0530,2982.05,2982.95,2975.55,2976.35,25811.0
2020-06-26T12:44:00+0530,2976.25,2979.6,2970.55,2970.9,42096.0
2020-06-26T12:45:00+0530,2969.95,2970.95,2961.35,2964.45,60876.0
2020-06-26T12:46:00+0530,2965.0,2971.35,2963.35,2965.0,30120.0
2020-06-26T12:47:00+0530,2964.35,2967.0,2963.05,2965.8,25202.0
2020-06-26T12:48:00+0530,2965.1,2969.0,2963.95,2967.3,23835.0
2020-06-26T12:49:00+0530,2966.05,2968.95,2966.0,2966.0,11226.0
2020-06-26T12:50:00+0530,2966.4,2966.6,2961.1,2962.1,26418.0
2020-06-26T12:51:00+0530,2962.0,2970.85,2961.65,2968.8,16828.0
2020-06-26T12:52:00+0530,2968.45,2969.0,2966.35,2967.75,10649.0
2020-06-26T12:53:00+0530,2968.0,2969.25,2964.3,2964.75,13174.0
2020-06-26T12:54:00+0530,2965.9,2967.3,2963.5,2966.95,9245.0
2020-06-26T12:55:00+0530,2966.95,2966.95,2962.0,2962.6,18215.0
2020-06-26T12:56:00+0530,2962.0,2967.95,2962.0,2965.95,13627.0
2020-06-26T12:57:00+0530,2964.6,2967.0,2963.15,2967.0,8714.0
2020-06-26T12:58:00+0530,2966.95,2968.75,2964.0,2965.0,11231.0
2020-06-26T12:59:00+0530,2966.0,2967.0,2962.55,2963.1,14091.0
2020-06-26T13:00:00+0530,2963.1,2967.75,2963.1,2966.65,9165.0
2020-06-26T13:01:00+0530,2966.8,2967.95,2966.0,2966.0,7513.0
2020-06-26T13:02:00+0530,2966.05,2967.0,2963.0,2963.85,12332.0
2020-06-26T13:03:00+0530,2963.5,2964.0,2952.1,2952.1,89832.0
2020-06-26T13:04:00+0530,2954.25,2958.0,2951.9,2957.0,33601.0
2020-06-26T13:05:00+0530,2958.0,2959.9,2953.25,2954.5,25568.0
2020-06-26T13:06:00+0530,2954.0,2958.7,2953.0,2958.55,20243.0
2020-06-26T13:07:00+0530,2957.65,2959.75,2955.85,2956.6,12402.0
2020-06-26T13:08:00+0530,2956.55,2957.0,2952.0,2956.4,26992.0
2020-06-26T13:09:00+0530,2956.7,2957.0,2953.4,2955.9,12238.0
2020-06-26T13:10:00+0530,2956.5,2958.8,2944.95,2948.0,117268.0
2020-06-26T13:11:00+0530,2948.55,2953.5,2947.2,2951.9,40268.0
2020-06-26T13:12:00+0530,2951.7,2953.3,2950.0,2952.8,19053.0
2020-06-26T13:13:00+0530,2951.65,2955.0,2950.85,2955.0,18375.0
2020-06-26T13:14:00+0530,2955.0,2959.0,2954.25,2958.2,18988.0
2020-06-26T13:15:00+0530,2959.0,2969.0,2959.0,2962.7,55060.0
2020-06-26T13:16:00+0530,2962.0,2964.9,2961.3,2963.25,16640.0
2020-06-26T13:17:00+0530,2964.75,2965.45,2958.1,2960.05,20949.0
2020-06-26T13:18:00+0530,2960.05,2964.15,2958.2,2962.8,15842.0
2020-06-26T13:19:00+0530,2964.0,2964.25,2958.45,2959.95,14048.0
2020-06-26T13:20:00+0530,2961.1,2962.8,2960.0,2962.35,13417.0
2020-06-26T13:21:00+0530,2962.35,2963.45,2960.8,2961.65,10703.0
2020-06-26T13:22:00+0530,2961.35,2962.45,2958.55,2959.05,8000.0
2020-06-26T13:23:00+0530,2959.95,2960.0,2958.0,2958.05,37753.0
2020-06-26T13:24:00+0530,2958.0,2962.0,2958.0,2961.9,9323.0
2020-06-26T13:25:00+0530,2963.0,2963.45,2958.0,2959.05,18822.0
2020-06-26T13:26:00+0530,2959.4,2960.8,2958.15,2959.55,3948.0
2020-06-26T13:27:00+0530,2959.0,2961.15,2958.0,2960.1,8971.0
2020-06-26T13:28:00+0530,2960.0,2960.1,2953.0,2954.05,26694.0
2020-06-26T13:29:00+0530,2955.0,2958.9,2954.0,2958.6,11053.0
2020-06-26T13:30:00+0530,2958.0,2958.95,2953.0,2953.0,15855.0
2020-06-26T13:31:00+0530,2953.5,2956.0,2953.2,2954.85,15887.0
2020-06-26T13:32:00+0530,2954.85,2954.85,2950.05,2951.0,28660.0
2020-06-26T13:33:00+0530,2950.95,2951.8,2945.1,2946.55,46171.0
2020-06-26T13:34:00+0530,2948.0,2948.2,2942.0,2943.65,47305.0
2020-06-26T13:35:00+0530,2944.35,2944.35,2935.3,2935.5,88793.0
2020-06-26T13:36:00+0530,2936.0,2944.85,2932.7,2941.55,63573.0
2020-06-26T13:37:00+0530,2942.0,2945.35,2940.15,2945.0,26468.0
2020-06-26T13:38:00+0530,2944.75,2946.0,2941.25,2942.0,19530.0
2020-06-26T13:39:00+0530,2942.0,2944.0,2938.0,2939.35,26526.0
2020-06-26T13:40:00+0530,2939.8,2941.15,2935.35,2937.0,27648.0
2020-06-26T13:41:00+0530,2936.55,2938.9,2933.0,2933.2,32183.0
2020-06-26T13:42:00+0530,2933.2,2936.0,2928.35,2936.0,73668.0
2020-06-26T13:43:00+0530,2934.35,2940.1,2934.25,2939.4,25582.0
2020-06-26T13:44:00+0530,2940.0,2942.85,2936.0,2939.0,19982.0
2020-06-26T13:45:00+0530,2937.8,2941.8,2936.4,2939.8,20033.0
2020-06-26T13:46:00+0530,2938.4,2940.5,2935.5,2940.5,17495.0
2020-06-26T13:47:00+0530,2941.0,2947.0,2938.2,2946.4,33123.0
2020-06-26T13:48:00+0530,2946.4,2949.0,2942.0,2942.0,32512.0
2020-06-26T13:49:00+0530,2942.0,2943.9,2939.2,2942.0,16666.0
2020-06-26T13:50:00+0530,2942.0,2942.1,2937.15,2940.0,18962.0
2020-06-26T13:51:00+0530,2940.0,2942.0,2938.0,2938.9,19398.0
2020-06-26T13:52:00+0530,2938.95,2941.5,2937.5,2939.6,12657.0
2020-06-26T13:53:00+0530,2939.6,2943.0,2938.15,2938.4,11715.0
2020-06-26T13:54:00+0530,2938.75,2939.95,2936.0,2936.05,18270.0
2020-06-26T13:55:00+0530,2936.05,2941.0,2936.05,2936.9,14758.0
2020-06-26T13:56:00+0530,2937.8,2938.1,2921.75,2928.9,103176.0
2020-06-26T13:57:00+0530,2928.9,2928.9,2921.8,2924.35,48938.0
2020-06-26T13:58:00+0530,2923.9,2933.9,2923.15,2927.8,39513.0
2020-06-26T13:59:00+0530,2927.65,2928.8,2925.0,2926.65,30237.0
2020-06-26T14:00:00+0530,2926.85,2927.2,2919.4,2920.0,61855.0
2020-06-26T14:01:00+0530,2919.95,2922.1,2915.2,2921.35,70651.0
2020-06-26T14:02:00+0530,2920.2,2924.55,2918.3,2923.25,36190.0
2020-06-26T14:03:00+0530,2924.95,2924.95,2920.2,2922.1,27083.0
2020-06-26T14:04:00+0530,2922.5,2926.15,2922.5,2922.9,31224.0
2020-06-26T14:05:00+0530,2922.7,2928.9,2922.5,2926.0,42025.0
2020-06-26T14:06:00+0530,2925.55,2930.25,2925.45,2928.8,67885.0
2020-06-26T14:07:00+0530,2929.3,2930.0,2925.0,2925.0,42850.0
2020-06-26T14:08:00+0530,2925.6,2928.0,2923.6,2926.8,18943.0
2020-06-26T14:09:00+0530,2926.5,2926.95,2920.0,2920.95,36564.0
2020-06-26T14:10:00+0530,2921.0,2921.0,2907.0,2908.25,111960.0
2020-06-26T14:11:00+0530,2908.0,2910.7,2905.0,2908.4,85889.0
2020-06-26T14:12:00+0530,2908.6,2912.5,2907.05,2910.05,43444.0
2020-06-26T14:13:00+0530,2911.0,2916.0,2910.05,2912.8,34383.0
2020-06-26T14:14:00+0530,2913.9,2917.0,2913.0,2914.0,25021.0
2020-06-26T14:15:00+0530,2914.0,2921.95,2914.0,2917.0,46751.0
2020-06-26T14:16:00+0530,2917.0,2919.6,2915.45,2918.3,18940.0
2020-06-26T14:17:00+0530,2918.35,2919.5,2910.0,2910.0,37099.0
2020-06-26T14:18:00+0530,2909.0,2910.9,2905.0,2906.25,52181.0
2020-06-26T14:19:00+0530,2906.6,2913.3,2906.0,2911.0,27594.0
2020-06-26T14:20:00+0530,2911.55,2916.0,2910.85,2915.7,23883.0
2020-06-26T14:21:00+0530,2915.25,2922.55,2915.1,2921.0,56296.0
2020-06-26T14:22:00+0530,2921.6,2929.55,2921.1,2922.85,67099.0
2020-06-26T14:23:00+0530,2923.2,2924.0,2917.65,2918.8,27672.0
2020-06-26T14:24:00+0530,2918.45,2923.0,2918.25,2922.5,33227.0
2020-06-26T14:25:00+0530,2922.5,2925.0,2919.85,2920.0,43219.0
2020-06-26T14:26:00+0530,2919.95,2920.0,2915.0,2917.6,43626.0
2020-06-26T14:27:00+0530,2917.65,2924.0,2916.9,2921.3,16365.0
2020-06-26T14:28:00+0530,2920.4,2923.9,2919.3,2921.5,16724.0
2020-06-26T14:29:00+0530,2921.0,2923.0,2917.0,2922.95,19461.0
2020-06-26T14:30:00+0530,2922.85,2928.7,2922.85,2926.55,42446.0
2020-06-26T14:31:00+0530,2926.05,2933.75,2925.2,2929.2,89390.0
2020-06-26T14:32:00+0530,2929.85,2930.0,2922.0,2922.0,42841.0
2020-06-26T14:33:00+0530,2922.65,2922.7,2916.5,2917.05,41462.0
2020-06-26T14:34:00+0530,2917.25,2917.25,2905.0,2915.1,94910.0
2020-06-26T14:35:00+0530,2915.0,2915.95,2901.65,2908.1,73518.0
2020-06-26T14:36:00+0530,2907.2,2909.0,2890.0,2891.3,145957.0
2020-06-26T14:37:00+0530,2891.3,2896.8,2885.8,2894.4,112135.0
2020-06-26T14:38:00+0530,2893.0,2894.0,2887.15,2889.15,56235.0
2020-06-26T14:39:00+0530,2888.05,2888.05,2877.35,2877.35,118744.0
2020-06-26T14:40:00+0530,2878.9,2886.0,2876.75,2885.1,94427.0
2020-06-26T14:41:00+0530,2885.75,2890.0,2883.9,2890.0,48735.0
2020-06-26T14:42:00+0530,2889.0,2890.0,2883.0,2883.15,43111.0
2020-06-26T14:43:00+0530,2883.35,2886.25,2878.0,2884.2,57210.0
2020-06-26T14:44:00+0530,2884.35,2890.0,2883.35,2890.0,34368.0
2020-06-26T14:45:00+0530,2892.65,2898.0,2887.35,2887.35,75083.0
2020-06-26T14:46:00+0530,2888.1,2892.0,2886.0,2887.0,32946.0
2020-06-26T14:47:00+0530,2887.0,2889.0,2885.1,2887.0,24600.0
2020-06-26T14:48:00+0530,2886.7,2893.2,2886.1,2892.55,26051.0
2020-06-26T14:49:00+0530,2892.45,2892.55,2885.0,2887.15,24524.0
2020-06-26T14:50:00+0530,2887.2,2889.4,2886.1,2889.4,21073.0
2020-06-26T14:51:00+0530,2889.0,2891.9,2887.65,2888.5,19537.0
2020-06-26T14:52:00+0530,2888.75,2889.0,2883.7,2887.8,30546.0
2020-06-26T14:53:00+0530,2887.55,2887.55,2885.0,2887.15,16912.0
2020-06-26T14:54:00+0530,2886.9,2888.0,2885.6,2888.0,33479.0
2020-06-26T14:55:00+0530,2887.9,2890.0,2886.0,2886.9,24778.0
2020-06-26T14:56:00+0530,2886.9,2886.9,2878.0,2879.8,66803.0
2020-06-26T14:57:00+0530,2878.85,2879.85,2872.45,2877.0,71523.0
2020-06-26T14:58:00+0530,2877.0,2880.0,2875.15,2876.0,33863.0
2020-06-26T14:59:00+0530,2876.4,2887.0,2873.0,2885.7,57145.0
2020-06-26T15:00:00+0530,2885.0,2898.0,2883.9,2895.6,89377.0
2020-06-26T15:01:00+0530,2896.0,2911.85,2895.05,2901.5,138002.0
2020-06-26T15:02:00+0530,2902.0,2909.2,2897.35,2907.85,62364.0
2020-06-26T15:03:00+0530,2907.8,2914.1,2904.05,2907.8,73201.0
2020-06-26T15:04:00+0530,2906.1,2911.45,2905.0,2909.0,40639.0
2020-06-26T15:05:00+0530,2909.0,2917.65,2906.55,2916.3,57890.0
2020-06-26T15:06:00+0530,2917.55,2918.45,2910.0,2911.65,44239.0
2020-06-26T15:07:00+0530,2910.8,2911.5,2897.25,2897.25,73558.0
2020-06-26T15:08:00+0530,2897.5,2899.15,2892.2,2894.2,57502.0
2020-06-26T15:09:00+0530,2894.1,2903.3,2892.0,2901.0,40311.0
2020-06-26T15:10:00+0530,2900.45,2903.55,2890.7,2891.25,78276.0
2020-06-26T15:11:00+0530,2892.65,2896.9,2891.05,2893.7,32326.0
2020-06-26T15:12:00+0530,2892.4,2896.0,2890.1,2896.0,41207.0
2020-06-26T15:13:00+0530,2896.0,2896.6,2893.6,2896.0,24298.0
2020-06-26T15:14:00+0530,2896.0,2900.0,2895.45,2897.4,23301.0
2020-06-26T15:15:00+0530,2897.65,2904.7,2897.65,2903.8,41143.0
2020-06-26T15:16:00+0530,2903.0,2905.0,2899.25,2902.6,94915.0
2020-06-26T15:17:00+0530,2901.0,2905.0,2900.0,2902.55,47110.0
2020-06-26T15:18:00+0530,2903.4,2906.0,2901.3,2903.35,41554.0
2020-06-26T15:19:00+0530,2903.65,2909.0,2902.6,2908.65,31252.0
2020-06-26T15:20:00+0530,2908.7,2909.45,2903.0,2905.2,41442.0
2020-06-26T15:21:00+0530,2906.3,2917.15,2902.3,2904.4,112199.0
2020-06-26T15:22:00+0530,2906.35,2912.0,2902.8,2908.75,26042.0
2020-06-26T15:23:00+0530,2909.25,2913.65,2908.0,2911.1,12860.0
2020-06-26T15:24:00+0530,2911.8,2914.95,2910.15,2913.5,14382.0
2020-06-26T15:25:00+0530,2913.45,2913.8,2910.0,2910.4,17571.0
2020-06-26T15:26:00+0530,2911.0,2911.0,2906.1,2908.0,19274.0
2020-06-26T15:27:00+0530,2908.0,2910.95,2908.0,2910.0,22344.0
2020-06-26T15:28:00+0530,2910.0,2912.9,2909.6,2912.0,24717.0
2020-06-26T15:29:00+0530,2911.6,2914.0,2910.0,2912.55,28961.0